彩号,彩金,抽奖,开彩日期,开彩日,秦庄,图译,秦典
3555,Consolation,086/24,2024-08-28,Wed,萬能,Dumpling / 粽子,Magnum 4D 萬能
3555,Consolation,086/24,2024-08-28,Wed,萬能,RICE DUMPLING,Damacai 大馬彩
3555,Consolation,086/24,2024-08-28,Wed,萬能,Dumplings / 粽,Sports Toto 多多
3555,Consolation,5704/23,2023-10-14,Sat,多多,Dumpling / 粽子,Magnum 4D 萬能
3555,Consolation,5704/23,2023-10-14,Sat,多多,RICE DUMPLING,Damacai 大馬彩
3555,Consolation,5704/23,2023-10-14,Sat,多多,Dumplings / 粽,Sports Toto 多多
3555,2ND,4814/23,2023-06-25,Sun,砂大萬,Dumpling / 粽子,Magnum 4D 萬能
3555,2ND,4814/23,2023-06-25,Sun,砂大萬,RICE DUMPLING,Damacai 大馬彩
3555,2ND,4814/23,2023-06-25,Sun,砂大萬,Dumplings / 粽,Sports Toto 多多
3555,Consolation,5640/23,2023-05-24,Wed,多多,Dumpling / 粽子,Magnum 4D 萬能
3555,Consolation,5640/23,2023-05-24,Wed,多多,RICE DUMPLING,Damacai 大馬彩
3555,Consolation,5640/23,2023-05-24,Wed,多多,Dumplings / 粽,Sports Toto 多多
3555,Consolation,817/23,2023-01-14,Sat,萬能,Dumpling / 粽子,Magnum 4D 萬能
3555,Consolation,817/23,2023-01-14,Sat,萬能,RICE DUMPLING,Damacai 大馬彩
3555,Consolation,817/23,2023-01-14,Sat,萬能,Dumplings / 粽,Sports Toto 多多
3555,Consolation,4727/22,2022-12-18,Sun,砂大萬,Dumpling / 粽子,Magnum 4D 萬能
3555,Consolation,4727/22,2022-12-18,Sun,砂大萬,RICE DUMPLING,Damacai 大馬彩
3555,Consolation,4727/22,2022-12-18,Sun,砂大萬,Dumplings / 粽,Sports Toto 多多
3555,Special,103/22,2022-08-03,Wed,山打根馬會,Dumpling / 粽子,Magnum 4D 萬能
3555,Special,103/22,2022-08-03,Wed,山打根馬會,RICE DUMPLING,Damacai 大馬彩
3555,Special,103/22,2022-08-03,Wed,山打根馬會,Dumplings / 粽,Sports Toto 多多
3555,Special,116/20,2020-12-20,Sun,山打根馬會,Dumpling / 粽子,Magnum 4D 萬能
3555,Special,116/20,2020-12-20,Sun,山打根馬會,RICE DUMPLING,Damacai 大馬彩
3555,Special,116/20,2020-12-20,Sun,山打根馬會,Dumplings / 粽,Sports Toto 多多
3555,Consolation,4199/19,2019-12-03,Tue,砂大萬,Dumpling / 粽子,Magnum 4D 萬能
3555,Consolation,4199/19,2019-12-03,Tue,砂大萬,RICE DUMPLING,Damacai 大馬彩
3555,Consolation,4199/19,2019-12-03,Tue,砂大萬,Dumplings / 粽,Sports Toto 多多
3555,Special,4183/19,2019-10-30,Wed,砂大萬,Dumpling / 粽子,Magnum 4D 萬能
3555,Special,4183/19,2019-10-30,Wed,砂大萬,RICE DUMPLING,Damacai 大馬彩
3555,Special,4183/19,2019-10-30,Wed,砂大萬,Dumplings / 粽,Sports Toto 多多
3555,1ST,013/19,2019-01-29,Tue,山打根馬會,Dumpling / 粽子,Magnum 4D 萬能
3555,1ST,013/19,2019-01-29,Tue,山打根馬會,RICE DUMPLING,Damacai 大馬彩
3555,1ST,013/19,2019-01-29,Tue,山打根馬會,Dumplings / 粽,Sports Toto 多多
3555,Special,4830/18,2018-12-26,Wed,大馬彩,Dumpling / 粽子,Magnum 4D 萬能
3555,Special,4830/18,2018-12-26,Wed,大馬彩,RICE DUMPLING,Damacai 大馬彩
3555,Special,4830/18,2018-12-26,Wed,大馬彩,Dumplings / 粽,Sports Toto 多多
3555,Special,4815/18,2018-11-27,Tue,大馬彩,Dumpling / 粽子,Magnum 4D 萬能
3555,Special,4815/18,2018-11-27,Tue,大馬彩,RICE DUMPLING,Damacai 大馬彩
3555,Special,4815/18,2018-11-27,Tue,大馬彩,Dumplings / 粽,Sports Toto 多多
3555,Consolation,3990/18,2018-09-12,Wed,砂大萬,Dumpling / 粽子,Magnum 4D 萬能
3555,Consolation,3990/18,2018-09-12,Wed,砂大萬,RICE DUMPLING,Damacai 大馬彩
3555,Consolation,3990/18,2018-09-12,Wed,砂大萬,Dumplings / 粽,Sports Toto 多多
3555,Special,3817/17,2017-09-24,Sun,砂大萬,Dumpling / 粽子,Magnum 4D 萬能
3555,Special,3817/17,2017-09-24,Sun,砂大萬,RICE DUMPLING,Damacai 大馬彩
3555,Special,3817/17,2017-09-24,Sun,砂大萬,Dumplings / 粽,Sports Toto 多多
3555,Consolation,815/17,2017-04-25,Tue,萬能,Dumpling / 粽子,Magnum 4D 萬能
3555,Consolation,815/17,2017-04-25,Tue,萬能,RICE DUMPLING,Damacai 大馬彩
3555,Consolation,815/17,2017-04-25,Tue,萬能,Dumplings / 粽,Sports Toto 多多
3555,Special,171/16,2016-12-14,Wed,山打根馬會,Dumpling / 粽子,Magnum 4D 萬能
3555,Special,171/16,2016-12-14,Wed,山打根馬會,RICE DUMPLING,Damacai 大馬彩
3555,Special,171/16,2016-12-14,Wed,山打根馬會,Dumplings / 粽,Sports Toto 多多
3555,Consolation,3666/16,2016-11-19,Sat,砂大萬,Dumpling / 粽子,Magnum 4D 萬能
3555,Consolation,3666/16,2016-11-19,Sat,砂大萬,RICE DUMPLING,Damacai 大馬彩
3555,Consolation,3666/16,2016-11-19,Sat,砂大萬,Dumplings / 粽,Sports Toto 多多
3555,Special,573/15,2015-12-30,Wed,萬能,Dumpling / 粽子,Magnum 4D 萬能
3555,Special,573/15,2015-12-30,Wed,萬能,RICE DUMPLING,Damacai 大馬彩
3555,Special,573/15,2015-12-30,Wed,萬能,Dumplings / 粽,Sports Toto 多多
3555,Special,82/15,2015-06-10,Wed,山打根馬會,Dumpling / 粽子,Magnum 4D 萬能
3555,Special,82/15,2015-06-10,Wed,山打根馬會,RICE DUMPLING,Damacai 大馬彩
3555,Special,82/15,2015-06-10,Wed,山打根馬會,Dumplings / 粽,Sports Toto 多多
3555,Special,3345/15,2015-01-31,Sat,砂大萬,Dumpling / 粽子,Magnum 4D 萬能
3555,Special,3345/15,2015-01-31,Sat,砂大萬,RICE DUMPLING,Damacai 大馬彩
3555,Special,3345/15,2015-01-31,Sat,砂大萬,Dumplings / 粽,Sports Toto 多多
3555,Special,3280/14,2014-09-21,Sun,砂大萬,Dumpling / 粽子,Magnum 4D 萬能
3555,Special,3280/14,2014-09-21,Sun,砂大萬,RICE DUMPLING,Damacai 大馬彩
3555,Special,3280/14,2014-09-21,Sun,砂大萬,Dumplings / 粽,Sports Toto 多多
3555,Consolation,3261/14,2014-08-13,Wed,砂大萬,Dumpling / 粽子,Magnum 4D 萬能
3555,Consolation,3261/14,2014-08-13,Wed,砂大萬,RICE DUMPLING,Damacai 大馬彩
3555,Consolation,3261/14,2014-08-13,Wed,砂大萬,Dumplings / 粽,Sports Toto 多多
3555,3RD,2093/14,2014-03-04,Tue,沙巴彩,Dumpling / 粽子,Magnum 4D 萬能
3555,3RD,2093/14,2014-03-04,Tue,沙巴彩,RICE DUMPLING,Damacai 大馬彩
3555,3RD,2093/14,2014-03-04,Tue,沙巴彩,Dumplings / 粽,Sports Toto 多多
3555,1ST,3112/13,2013-10-12,Sat,砂大萬,Dumpling / 粽子,Magnum 4D 萬能
3555,1ST,3112/13,2013-10-12,Sat,砂大萬,RICE DUMPLING,Damacai 大馬彩
3555,1ST,3112/13,2013-10-12,Sat,砂大萬,Dumplings / 粽,Sports Toto 多多
3555,Consolation,137/13,2013-10-06,Sun,山打根馬會,Dumpling / 粽子,Magnum 4D 萬能
3555,Consolation,137/13,2013-10-06,Sun,山打根馬會,RICE DUMPLING,Damacai 大馬彩
3555,Consolation,137/13,2013-10-06,Sun,山打根馬會,Dumplings / 粽,Sports Toto 多多
3555,Consolation,152/13,2013-08-24,Sat,萬能,Dumpling / 粽子,Magnum 4D 萬能
3555,Consolation,152/13,2013-08-24,Sat,萬能,RICE DUMPLING,Damacai 大馬彩
3555,Consolation,152/13,2013-08-24,Sat,萬能,Dumplings / 粽,Sports Toto 多多
3555,Consolation,66/13,2013-05-11,Sat,山打根馬會,Dumpling / 粽子,Magnum 4D 萬能
3555,Consolation,66/13,2013-05-11,Sat,山打根馬會,RICE DUMPLING,Damacai 大馬彩
3555,Consolation,66/13,2013-05-11,Sat,山打根馬會,Dumplings / 粽,Sports Toto 多多
3555,Consolation,3006/13,2013-03-05,Tue,砂大萬,Dumpling / 粽子,Magnum 4D 萬能
3555,Consolation,3006/13,2013-03-05,Tue,砂大萬,RICE DUMPLING,Damacai 大馬彩
3555,Consolation,3006/13,2013-03-05,Tue,砂大萬,Dumplings / 粽,Sports Toto 多多
3555,Consolation,1895/13,2013-01-30,Wed,沙巴彩,Dumpling / 粽子,Magnum 4D 萬能
3555,Consolation,1895/13,2013-01-30,Wed,沙巴彩,RICE DUMPLING,Damacai 大馬彩
3555,Consolation,1895/13,2013-01-30,Wed,沙巴彩,Dumplings / 粽,Sports Toto 多多
3555,Special,043/13,2013-01-12,Sat,萬能,Dumpling / 粽子,Magnum 4D 萬能
3555,Special,043/13,2013-01-12,Sat,萬能,RICE DUMPLING,Damacai 大馬彩
3555,Special,043/13,2013-01-12,Sat,萬能,Dumplings / 粽,Sports Toto 多多
3555,Special,2917/12,2012-09-05,Wed,砂大萬,Dumpling / 粽子,Magnum 4D 萬能
3555,Special,2917/12,2012-09-05,Wed,砂大萬,RICE DUMPLING,Damacai 大馬彩
3555,Special,2917/12,2012-09-05,Wed,砂大萬,Dumplings / 粽,Sports Toto 多多
3555,Consolation,050/12,2012-04-04,Wed,山打根馬會,Dumpling / 粽子,Magnum 4D 萬能
3555,Consolation,050/12,2012-04-04,Wed,山打根馬會,RICE DUMPLING,Damacai 大馬彩
3555,Consolation,050/12,2012-04-04,Wed,山打根馬會,Dumplings / 粽,Sports Toto 多多
3555,Consolation,3575/11,2011-12-17,Sat,大馬彩,Dumpling / 粽子,Magnum 4D 萬能
3555,Consolation,3575/11,2011-12-17,Sat,大馬彩,RICE DUMPLING,Damacai 大馬彩
3555,Consolation,3575/11,2011-12-17,Sat,大馬彩,Dumplings / 粽,Sports Toto 多多
3555,Consolation,3609/11,2011-11-06,Sun,多多,Dumpling / 粽子,Magnum 4D 萬能
3555,Consolation,3609/11,2011-11-06,Sun,多多,RICE DUMPLING,Damacai 大馬彩
3555,Consolation,3609/11,2011-11-06,Sun,多多,Dumplings / 粽,Sports Toto 多多
3555,Special,3123/2011,2011-01-30,Sun,星池,Dumpling / 粽子,Magnum 4D 萬能
3555,Special,3123/2011,2011-01-30,Sun,星池,RICE DUMPLING,Damacai 大馬彩
3555,Special,3123/2011,2011-01-30,Sun,星池,Dumplings / 粽,Sports Toto 多多
3555,2ND,590/10,2010-06-26,Sat,萬能,Dumpling / 粽子,Magnum 4D 萬能
3555,2ND,590/10,2010-06-26,Sat,萬能,RICE DUMPLING,Damacai 大馬彩
3555,2ND,590/10,2010-06-26,Sat,萬能,Dumplings / 粽,Sports Toto 多多
3555,Special,2925/2009,2009-10-25,Sun,星池,Dumpling / 粽子,Magnum 4D 萬能
3555,Special,2925/2009,2009-10-25,Sun,星池,RICE DUMPLING,Damacai 大馬彩
3555,Special,2925/2009,2009-10-25,Sun,星池,Dumplings / 粽,Sports Toto 多多
3555,Consolation,3189/09,2009-10-10,Sat,大馬彩,Dumpling / 粽子,Magnum 4D 萬能
3555,Consolation,3189/09,2009-10-10,Sat,大馬彩,RICE DUMPLING,Damacai 大馬彩
3555,Consolation,3189/09,2009-10-10,Sat,大馬彩,Dumplings / 粽,Sports Toto 多多
3555,Special,3161/09,2009-08-15,Sat,大馬彩,Dumpling / 粽子,Magnum 4D 萬能
3555,Special,3161/09,2009-08-15,Sat,大馬彩,RICE DUMPLING,Damacai 大馬彩
3555,Special,3161/09,2009-08-15,Sat,大馬彩,Dumplings / 粽,Sports Toto 多多
3555,Special,2871/2009,2009-06-21,Sun,星池,Dumpling / 粽子,Magnum 4D 萬能
3555,Special,2871/2009,2009-06-21,Sun,星池,RICE DUMPLING,Damacai 大馬彩
3555,Special,2871/2009,2009-06-21,Sun,星池,Dumplings / 粽,Sports Toto 多多
3555,Consolation,2791/2008,2008-12-17,Wed,星池,Dumpling / 粽子,Magnum 4D 萬能
3555,Consolation,2791/2008,2008-12-17,Wed,星池,RICE DUMPLING,Damacai 大馬彩
3555,Consolation,2791/2008,2008-12-17,Wed,星池,Dumplings / 粽,Sports Toto 多多
3555,1ST,3089/08,2008-11-22,Sat,多多,Dumpling / 粽子,Magnum 4D 萬能
3555,1ST,3089/08,2008-11-22,Sat,多多,RICE DUMPLING,Damacai 大馬彩
3555,1ST,3089/08,2008-11-22,Sat,多多,Dumplings / 粽,Sports Toto 多多
3555,Consolation,2238/08,2008-11-02,Sun,砂大萬,Dumpling / 粽子,Magnum 4D 萬能
3555,Consolation,2238/08,2008-11-02,Sun,砂大萬,RICE DUMPLING,Damacai 大馬彩
3555,Consolation,2238/08,2008-11-02,Sun,砂大萬,Dumplings / 粽,Sports Toto 多多
3555,Special,3016/08,2008-10-11,Sat,大馬彩,Dumpling / 粽子,Magnum 4D 萬能
3555,Special,3016/08,2008-10-11,Sat,大馬彩,RICE DUMPLING,Damacai 大馬彩
3555,Special,3016/08,2008-10-11,Sat,大馬彩,Dumplings / 粽,Sports Toto 多多
3555,Consolation,67/08,2008-05-28,Wed,山打根馬會,Dumpling / 粽子,Magnum 4D 萬能
3555,Consolation,67/08,2008-05-28,Wed,山打根馬會,RICE DUMPLING,Damacai 大馬彩
3555,Consolation,67/08,2008-05-28,Wed,山打根馬會,Dumplings / 粽,Sports Toto 多多
3555,Consolation,2515/2007,2007-03-14,Wed,星池,Dumpling / 粽子,Magnum 4D 萬能
3555,Consolation,2515/2007,2007-03-14,Wed,星池,RICE DUMPLING,Damacai 大馬彩
3555,Consolation,2515/2007,2007-03-14,Wed,星池,Dumplings / 粽,Sports Toto 多多
3555,Consolation,023/07,2007-02-20,Tue,萬能,Dumpling / 粽子,Magnum 4D 萬能
3555,Consolation,023/07,2007-02-20,Tue,萬能,RICE DUMPLING,Damacai 大馬彩
3555,Consolation,023/07,2007-02-20,Tue,萬能,Dumplings / 粽,Sports Toto 多多
3555,Consolation,2785/07,2007-01-14,Sun,多多,Dumpling / 粽子,Magnum 4D 萬能
3555,Consolation,2785/07,2007-01-14,Sun,多多,RICE DUMPLING,Damacai 大馬彩
3555,Consolation,2785/07,2007-01-14,Sun,多多,Dumplings / 粽,Sports Toto 多多
3555,Special,124/06,2006-09-20,Wed,山打根馬會,Dumpling / 粽子,Magnum 4D 萬能
3555,Special,124/06,2006-09-20,Wed,山打根馬會,RICE DUMPLING,Damacai 大馬彩
3555,Special,124/06,2006-09-20,Wed,山打根馬會,Dumplings / 粽,Sports Toto 多多
3555,Special,016/06,2006-01-30,Mon,山打根馬會,Dumpling / 粽子,Magnum 4D 萬能
3555,Special,016/06,2006-01-30,Mon,山打根馬會,RICE DUMPLING,Damacai 大馬彩
3555,Special,016/06,2006-01-30,Mon,山打根馬會,Dumplings / 粽,Sports Toto 多多
3555,Consolation,127/05,2005-10-22,Sat,萬能,Dumpling / 粽子,Magnum 4D 萬能
3555,Consolation,127/05,2005-10-22,Sat,萬能,RICE DUMPLING,Damacai 大馬彩
3555,Consolation,127/05,2005-10-22,Sat,萬能,Dumplings / 粽,Sports Toto 多多
3555,Special,99/05,2005-07-24,Sun,山打根馬會,Dumpling / 粽子,Magnum 4D 萬能
3555,Special,99/05,2005-07-24,Sun,山打根馬會,RICE DUMPLING,Damacai 大馬彩
3555,Special,99/05,2005-07-24,Sun,山打根馬會,Dumplings / 粽,Sports Toto 多多
3555,Special,129/04,2004-10-27,Wed,萬能,Dumpling / 粽子,Magnum 4D 萬能
3555,Special,129/04,2004-10-27,Wed,萬能,RICE DUMPLING,Damacai 大馬彩
3555,Special,129/04,2004-10-27,Wed,萬能,Dumplings / 粽,Sports Toto 多多
3555,2ND,113/04,2004-09-19,Sun,萬能,Dumpling / 粽子,Magnum 4D 萬能
3555,2ND,113/04,2004-09-19,Sun,萬能,RICE DUMPLING,Damacai 大馬彩
3555,2ND,113/04,2004-09-19,Sun,萬能,Dumplings / 粽,Sports Toto 多多
3555,Consolation,1519/04,2004-07-17,Sat,砂大萬,Dumpling / 粽子,Magnum 4D 萬能
3555,Consolation,1519/04,2004-07-17,Sat,砂大萬,RICE DUMPLING,Damacai 大馬彩
3555,Consolation,1519/04,2004-07-17,Sat,砂大萬,Dumplings / 粽,Sports Toto 多多
3555,2ND,1494/04,2004-05-22,Sat,砂大萬,Dumpling / 粽子,Magnum 4D 萬能
3555,2ND,1494/04,2004-05-22,Sat,砂大萬,RICE DUMPLING,Damacai 大馬彩
3555,2ND,1494/04,2004-05-22,Sat,砂大萬,Dumplings / 粽,Sports Toto 多多
3555,2ND,2270/04,2004-04-25,Sun,大馬彩,Dumpling / 粽子,Magnum 4D 萬能
3555,2ND,2270/04,2004-04-25,Sun,大馬彩,RICE DUMPLING,Damacai 大馬彩
3555,2ND,2270/04,2004-04-25,Sun,大馬彩,Dumplings / 粽,Sports Toto 多多
3555,Consolation,154/03,2003-12-24,Wed,萬能,Dumpling / 粽子,Magnum 4D 萬能
3555,Consolation,154/03,2003-12-24,Wed,萬能,RICE DUMPLING,Damacai 大馬彩
3555,Consolation,154/03,2003-12-24,Wed,萬能,Dumplings / 粽,Sports Toto 多多
3555,Special,2137/03,2003-07-09,Wed,大馬彩,Dumpling / 粽子,Magnum 4D 萬能
3555,Special,2137/03,2003-07-09,Wed,大馬彩,RICE DUMPLING,Damacai 大馬彩
3555,Special,2137/03,2003-07-09,Wed,大馬彩,Dumplings / 粽,Sports Toto 多多
3555,Consolation,1321/03,2003-04-30,Wed,砂大萬,Dumpling / 粽子,Magnum 4D 萬能
3555,Consolation,1321/03,2003-04-30,Wed,砂大萬,RICE DUMPLING,Damacai 大馬彩
3555,Consolation,1321/03,2003-04-30,Wed,砂大萬,Dumplings / 粽,Sports Toto 多多
3555,Special,44/02,2002-04-07,Sun,山打根馬會,Dumpling / 粽子,Magnum 4D 萬能
3555,Special,44/02,2002-04-07,Sun,山打根馬會,RICE DUMPLING,Damacai 大馬彩
3555,Special,44/02,2002-04-07,Sun,山打根馬會,Dumplings / 粽,Sports Toto 多多
3555,Special,17/02,2002-02-09,Sat,山打根馬會,Dumpling / 粽子,Magnum 4D 萬能
3555,Special,17/02,2002-02-09,Sat,山打根馬會,RICE DUMPLING,Damacai 大馬彩
3555,Special,17/02,2002-02-09,Sat,山打根馬會,Dumplings / 粽,Sports Toto 多多
3555,Special,1694/2001,2001-12-15,Sat,星池,Dumpling / 粽子,Magnum 4D 萬能
3555,Special,1694/2001,2001-12-15,Sat,星池,RICE DUMPLING,Damacai 大馬彩
3555,Special,1694/2001,2001-12-15,Sat,星池,Dumplings / 粽,Sports Toto 多多
3555,Special,1650/2001,2001-09-02,Sun,星池,Dumpling / 粽子,Magnum 4D 萬能
3555,Special,1650/2001,2001-09-02,Sun,星池,RICE DUMPLING,Damacai 大馬彩
3555,Special,1650/2001,2001-09-02,Sun,星池,Dumplings / 粽,Sports Toto 多多
3555,Special,1753/01,2001-03-03,Sat,大馬彩,Dumpling / 粽子,Magnum 4D 萬能
3555,Special,1753/01,2001-03-03,Sat,大馬彩,RICE DUMPLING,Damacai 大馬彩
3555,Special,1753/01,2001-03-03,Sat,大馬彩,Dumplings / 粽,Sports Toto 多多
3555,Consolation,1532/2000,2000-12-02,Sat,星池,Dumpling / 粽子,Magnum 4D 萬能
3555,Consolation,1532/2000,2000-12-02,Sat,星池,RICE DUMPLING,Damacai 大馬彩
3555,Consolation,1532/2000,2000-12-02,Sat,星池,Dumplings / 粽,Sports Toto 多多
3555,Consolation,0916/00,2000-11-15,Wed,砂大萬,Dumpling / 粽子,Magnum 4D 萬能
3555,Consolation,0916/00,2000-11-15,Wed,砂大萬,RICE DUMPLING,Damacai 大馬彩
3555,Consolation,0916/00,2000-11-15,Wed,砂大萬,Dumplings / 粽,Sports Toto 多多
3555,Special,1467/2000,2000-06-17,Sat,星池,Dumpling / 粽子,Magnum 4D 萬能
3555,Special,1467/2000,2000-06-17,Sat,星池,RICE DUMPLING,Damacai 大馬彩
3555,Special,1467/2000,2000-06-17,Sat,星池,Dumplings / 粽,Sports Toto 多多
3555,Consolation,145/1999,1999-11-17,Wed,山打根馬會,Dumpling / 粽子,Magnum 4D 萬能
3555,Consolation,145/1999,1999-11-17,Wed,山打根馬會,RICE DUMPLING,Damacai 大馬彩
3555,Consolation,145/1999,1999-11-17,Wed,山打根馬會,Dumplings / 粽,Sports Toto 多多
3555,Special,104/99,1999-08-29,Sun,萬能,Dumpling / 粽子,Magnum 4D 萬能
3555,Special,104/99,1999-08-29,Sun,萬能,RICE DUMPLING,Damacai 大馬彩
3555,Special,104/99,1999-08-29,Sun,萬能,Dumplings / 粽,Sports Toto 多多
3555,Consolation,149/98,1998-12-13,Sun,萬能,Dumpling / 粽子,Magnum 4D 萬能
3555,Consolation,149/98,1998-12-13,Sun,萬能,RICE DUMPLING,Damacai 大馬彩
3555,Consolation,149/98,1998-12-13,Sun,萬能,Dumplings / 粽,Sports Toto 多多
3555,Special,1209/97,1997-10-19,Sun,大馬彩,Dumpling / 粽子,Magnum 4D 萬能
3555,Special,1209/97,1997-10-19,Sun,大馬彩,RICE DUMPLING,Damacai 大馬彩
3555,Special,1209/97,1997-10-19,Sun,大馬彩,Dumplings / 粽,Sports Toto 多多
3555,Special,109/1997,1997-09-10,Wed,山打根馬會,Dumpling / 粽子,Magnum 4D 萬能
3555,Special,109/1997,1997-09-10,Wed,山打根馬會,RICE DUMPLING,Damacai 大馬彩
3555,Special,109/1997,1997-09-10,Wed,山打根馬會,Dumplings / 粽,Sports Toto 多多
3555,Consolation,54/1997,1997-05-04,Sun,山打根馬會,Dumpling / 粽子,Magnum 4D 萬能
3555,Consolation,54/1997,1997-05-04,Sun,山打根馬會,RICE DUMPLING,Damacai 大馬彩
3555,Consolation,54/1997,1997-05-04,Sun,山打根馬會,Dumplings / 粽,Sports Toto 多多
3555,1ST,D19961123,1996-11-23,Sat,星池,Dumpling / 粽子,Magnum 4D 萬能
3555,1ST,D19961123,1996-11-23,Sat,星池,RICE DUMPLING,Damacai 大馬彩
3555,1ST,D19961123,1996-11-23,Sat,星池,Dumplings / 粽,Sports Toto 多多
3555,Special,0225/96,1996-07-21,Sun,砂大萬,Dumpling / 粽子,Magnum 4D 萬能
3555,Special,0225/96,1996-07-21,Sun,砂大萬,RICE DUMPLING,Damacai 大馬彩
3555,Special,0225/96,1996-07-21,Sun,砂大萬,Dumplings / 粽,Sports Toto 多多
3555,Consolation,026/96,1996-03-02,Sat,萬能,Dumpling / 粽子,Magnum 4D 萬能
3555,Consolation,026/96,1996-03-02,Sat,萬能,RICE DUMPLING,Damacai 大馬彩
3555,Consolation,026/96,1996-03-02,Sat,萬能,Dumplings / 粽,Sports Toto 多多
3555,Consolation,0590/93,1993-11-06,Sat,大馬彩,Dumpling / 粽子,Magnum 4D 萬能
3555,Consolation,0590/93,1993-11-06,Sat,大馬彩,RICE DUMPLING,Damacai 大馬彩
3555,Consolation,0590/93,1993-11-06,Sat,大馬彩,Dumplings / 粽,Sports Toto 多多
3555,1ST,D19920808,1992-08-08,Sat,星池,Dumpling / 粽子,Magnum 4D 萬能
3555,1ST,D19920808,1992-08-08,Sat,星池,RICE DUMPLING,Damacai 大馬彩
3555,1ST,D19920808,1992-08-08,Sat,星池,Dumplings / 粽,Sports Toto 多多
3555,Special,126/89,1989-10-21,Sat,萬能,Dumpling / 粽子,Magnum 4D 萬能
3555,Special,126/89,1989-10-21,Sat,萬能,RICE DUMPLING,Damacai 大馬彩
3555,Special,126/89,1989-10-21,Sat,萬能,Dumplings / 粽,Sports Toto 多多
3555,Special,025/86,1986-02-27,Thu,萬能,Dumpling / 粽子,Magnum 4D 萬能
3555,Special,025/86,1986-02-27,Thu,萬能,RICE DUMPLING,Damacai 大馬彩
3555,Special,025/86,1986-02-27,Thu,萬能,Dumplings / 粽,Sports Toto 多多
3555,Special,017/86,1986-02-08,Sat,萬能,Dumpling / 粽子,Magnum 4D 萬能
3555,Special,017/86,1986-02-08,Sat,萬能,RICE DUMPLING,Damacai 大馬彩
3555,Special,017/86,1986-02-08,Sat,萬能,Dumplings / 粽,Sports Toto 多多
3555,Consolation,001/86,1986-01-02,Thu,萬能,Dumpling / 粽子,Magnum 4D 萬能
3555,Consolation,001/86,1986-01-02,Thu,萬能,RICE DUMPLING,Damacai 大馬彩
3555,Consolation,001/86,1986-01-02,Thu,萬能,Dumplings / 粽,Sports Toto 多多
