彩号,彩金,抽奖,开彩日期,开彩日,秦庄,图译,秦典
3509,Special,083/24,2024-06-30,Sun,山打根馬會,Graduated As Bachelor Of Arts / 文学士毕业,Magnum 4D 萬能
3509,Special,083/24,2024-06-30,Sun,山打根馬會,CANDLE FLOWER,Damacai 大馬彩
3509,Special,083/24,2024-06-30,Sun,山打根馬會,Candle flower / 蜡烛花,Sports Toto 多多
3509,3RD,4919/24,2024-02-14,Wed,砂大萬,Graduated As Bachelor Of Arts / 文学士毕业,Magnum 4D 萬能
3509,3RD,4919/24,2024-02-14,Wed,砂大萬,CANDLE FLOWER,Damacai 大馬彩
3509,3RD,4919/24,2024-02-14,Wed,砂大萬,Candle flower / 蜡烛花,Sports Toto 多多
3509,Consolation,3824/24,2024-02-11,Sun,沙巴彩,Graduated As Bachelor Of Arts / 文学士毕业,Magnum 4D 萬能
3509,Consolation,3824/24,2024-02-11,Sun,沙巴彩,CANDLE FLOWER,Damacai 大馬彩
3509,Consolation,3824/24,2024-02-11,Sun,沙巴彩,Candle flower / 蜡烛花,Sports Toto 多多
3509,Consolation,5748/24,2024-01-20,Sat,多多,Graduated As Bachelor Of Arts / 文学士毕业,Magnum 4D 萬能
3509,Consolation,5748/24,2024-01-20,Sat,多多,CANDLE FLOWER,Damacai 大馬彩
3509,Consolation,5748/24,2024-01-20,Sat,多多,Candle flower / 蜡烛花,Sports Toto 多多
3509,Special,153/23,2023-12-06,Wed,山打根馬會,Graduated As Bachelor Of Arts / 文学士毕业,Magnum 4D 萬能
3509,Special,153/23,2023-12-06,Wed,山打根馬會,CANDLE FLOWER,Damacai 大馬彩
3509,Special,153/23,2023-12-06,Wed,山打根馬會,Candle flower / 蜡烛花,Sports Toto 多多
3509,Consolation,912/23,2023-08-12,Sat,萬能,Graduated As Bachelor Of Arts / 文学士毕业,Magnum 4D 萬能
3509,Consolation,912/23,2023-08-12,Sat,萬能,CANDLE FLOWER,Damacai 大馬彩
3509,Consolation,912/23,2023-08-12,Sat,萬能,Candle flower / 蜡烛花,Sports Toto 多多
3509,Consolation,5556/23,2023-03-12,Sun,大馬彩,Graduated As Bachelor Of Arts / 文学士毕业,Magnum 4D 萬能
3509,Consolation,5556/23,2023-03-12,Sun,大馬彩,CANDLE FLOWER,Damacai 大馬彩
3509,Consolation,5556/23,2023-03-12,Sun,大馬彩,Candle flower / 蜡烛花,Sports Toto 多多
3509,Special,835/23,2023-02-19,Sun,萬能,Graduated As Bachelor Of Arts / 文学士毕业,Magnum 4D 萬能
3509,Special,835/23,2023-02-19,Sun,萬能,CANDLE FLOWER,Damacai 大馬彩
3509,Special,835/23,2023-02-19,Sun,萬能,Candle flower / 蜡烛花,Sports Toto 多多
3509,Consolation,5545/23,2023-02-18,Sat,大馬彩,Graduated As Bachelor Of Arts / 文学士毕业,Magnum 4D 萬能
3509,Consolation,5545/23,2023-02-18,Sat,大馬彩,CANDLE FLOWER,Damacai 大馬彩
3509,Consolation,5545/23,2023-02-18,Sat,大馬彩,Candle flower / 蜡烛花,Sports Toto 多多
3509,Special,4731/22,2022-12-25,Sun,砂大萬,Graduated As Bachelor Of Arts / 文学士毕业,Magnum 4D 萬能
3509,Special,4731/22,2022-12-25,Sun,砂大萬,CANDLE FLOWER,Damacai 大馬彩
3509,Special,4731/22,2022-12-25,Sun,砂大萬,Candle flower / 蜡烛花,Sports Toto 多多
3509,Consolation,4663/22,2022-08-13,Sat,砂大萬,Graduated As Bachelor Of Arts / 文学士毕业,Magnum 4D 萬能
3509,Consolation,4663/22,2022-08-13,Sat,砂大萬,CANDLE FLOWER,Damacai 大馬彩
3509,Consolation,4663/22,2022-08-13,Sat,砂大萬,Candle flower / 蜡烛花,Sports Toto 多多
3509,Consolation,717/22,2022-06-29,Wed,萬能,Graduated As Bachelor Of Arts / 文学士毕业,Magnum 4D 萬能
3509,Consolation,717/22,2022-06-29,Wed,萬能,CANDLE FLOWER,Damacai 大馬彩
3509,Consolation,717/22,2022-06-29,Wed,萬能,Candle flower / 蜡烛花,Sports Toto 多多
3509,1ST,3487/22,2022-02-19,Sat,沙巴彩,Graduated As Bachelor Of Arts / 文学士毕业,Magnum 4D 萬能
3509,1ST,3487/22,2022-02-19,Sat,沙巴彩,CANDLE FLOWER,Damacai 大馬彩
3509,1ST,3487/22,2022-02-19,Sat,沙巴彩,Candle flower / 蜡烛花,Sports Toto 多多
3509,Special,3348/21,2021-05-12,Wed,沙巴彩,Graduated As Bachelor Of Arts / 文学士毕业,Magnum 4D 萬能
3509,Special,3348/21,2021-05-12,Wed,沙巴彩,CANDLE FLOWER,Damacai 大馬彩
3509,Special,3348/21,2021-05-12,Wed,沙巴彩,Candle flower / 蜡烛花,Sports Toto 多多
3509,Consolation,050/21,2021-05-08,Sat,山打根馬會,Graduated As Bachelor Of Arts / 文学士毕业,Magnum 4D 萬能
3509,Consolation,050/21,2021-05-08,Sat,山打根馬會,CANDLE FLOWER,Damacai 大馬彩
3509,Consolation,050/21,2021-05-08,Sat,山打根馬會,Candle flower / 蜡烛花,Sports Toto 多多
3509,Consolation,4695,2021-05-02,Sun,星池,Graduated As Bachelor Of Arts / 文学士毕业,Magnum 4D 萬能
3509,Consolation,4695,2021-05-02,Sun,星池,CANDLE FLOWER,Damacai 大馬彩
3509,Consolation,4695,2021-05-02,Sun,星池,Candle flower / 蜡烛花,Sports Toto 多多
3509,Consolation,109/19,2019-08-25,Sun,山打根馬會,Graduated As Bachelor Of Arts / 文学士毕业,Magnum 4D 萬能
3509,Consolation,109/19,2019-08-25,Sun,山打根馬會,CANDLE FLOWER,Damacai 大馬彩
3509,Consolation,109/19,2019-08-25,Sun,山打根馬會,Candle flower / 蜡烛花,Sports Toto 多多
3509,Consolation,4118/19,2019-06-12,Wed,砂大萬,Graduated As Bachelor Of Arts / 文学士毕业,Magnum 4D 萬能
3509,Consolation,4118/19,2019-06-12,Wed,砂大萬,CANDLE FLOWER,Damacai 大馬彩
3509,Consolation,4118/19,2019-06-12,Wed,砂大萬,Candle flower / 蜡烛花,Sports Toto 多多
3509,Special,127/19,2019-01-13,Sun,萬能,Graduated As Bachelor Of Arts / 文学士毕业,Magnum 4D 萬能
3509,Special,127/19,2019-01-13,Sun,萬能,CANDLE FLOWER,Damacai 大馬彩
3509,Special,127/19,2019-01-13,Sun,萬能,Candle flower / 蜡烛花,Sports Toto 多多
3509,Special,2949/18,2018-12-26,Wed,沙巴彩,Graduated As Bachelor Of Arts / 文学士毕业,Magnum 4D 萬能
3509,Special,2949/18,2018-12-26,Wed,沙巴彩,CANDLE FLOWER,Damacai 大馬彩
3509,Special,2949/18,2018-12-26,Wed,沙巴彩,Candle flower / 蜡烛花,Sports Toto 多多
3509,Consolation,4032/18,2018-12-05,Wed,砂大萬,Graduated As Bachelor Of Arts / 文学士毕业,Magnum 4D 萬能
3509,Consolation,4032/18,2018-12-05,Wed,砂大萬,CANDLE FLOWER,Damacai 大馬彩
3509,Consolation,4032/18,2018-12-05,Wed,砂大萬,Candle flower / 蜡烛花,Sports Toto 多多
3509,Special,2936/18,2018-12-01,Sat,沙巴彩,Graduated As Bachelor Of Arts / 文学士毕业,Magnum 4D 萬能
3509,Special,2936/18,2018-12-01,Sat,沙巴彩,CANDLE FLOWER,Damacai 大馬彩
3509,Special,2936/18,2018-12-01,Sat,沙巴彩,Candle flower / 蜡烛花,Sports Toto 多多
3509,Consolation,4867/18,2018-11-25,Sun,多多,Graduated As Bachelor Of Arts / 文学士毕业,Magnum 4D 萬能
3509,Consolation,4867/18,2018-11-25,Sun,多多,CANDLE FLOWER,Damacai 大馬彩
3509,Consolation,4867/18,2018-11-25,Sun,多多,Candle flower / 蜡烛花,Sports Toto 多多
3509,Consolation,4310,2018-09-01,Sat,星池,Graduated As Bachelor Of Arts / 文学士毕业,Magnum 4D 萬能
3509,Consolation,4310,2018-09-01,Sat,星池,CANDLE FLOWER,Damacai 大馬彩
3509,Consolation,4310,2018-09-01,Sat,星池,Candle flower / 蜡烛花,Sports Toto 多多
3509,Special,4275,2018-06-10,Sun,星池,Graduated As Bachelor Of Arts / 文学士毕业,Magnum 4D 萬能
3509,Special,4275,2018-06-10,Sun,星池,CANDLE FLOWER,Damacai 大馬彩
3509,Special,4275,2018-06-10,Sun,星池,Candle flower / 蜡烛花,Sports Toto 多多
3509,Consolation,2787/18,2018-01-30,Tue,沙巴彩,Graduated As Bachelor Of Arts / 文学士毕业,Magnum 4D 萬能
3509,Consolation,2787/18,2018-01-30,Tue,沙巴彩,CANDLE FLOWER,Damacai 大馬彩
3509,Consolation,2787/18,2018-01-30,Tue,沙巴彩,Candle flower / 蜡烛花,Sports Toto 多多
3509,Special,4140,2017-07-30,Sun,星池,Graduated As Bachelor Of Arts / 文学士毕业,Magnum 4D 萬能
3509,Special,4140,2017-07-30,Sun,星池,CANDLE FLOWER,Damacai 大馬彩
3509,Special,4140,2017-07-30,Sun,星池,Candle flower / 蜡烛花,Sports Toto 多多
3509,Consolation,055/17,2017-04-19,Wed,山打根馬會,Graduated As Bachelor Of Arts / 文学士毕业,Magnum 4D 萬能
3509,Consolation,055/17,2017-04-19,Wed,山打根馬會,CANDLE FLOWER,Damacai 大馬彩
3509,Consolation,055/17,2017-04-19,Wed,山打根馬會,Candle flower / 蜡烛花,Sports Toto 多多
3509,Consolation,3677/16,2016-12-11,Sun,砂大萬,Graduated As Bachelor Of Arts / 文学士毕业,Magnum 4D 萬能
3509,Consolation,3677/16,2016-12-11,Sun,砂大萬,CANDLE FLOWER,Damacai 大馬彩
3509,Consolation,3677/16,2016-12-11,Sun,砂大萬,Candle flower / 蜡烛花,Sports Toto 多多
3509,Special,3998,2016-09-03,Sat,星池,Graduated As Bachelor Of Arts / 文学士毕业,Magnum 4D 萬能
3509,Special,3998,2016-09-03,Sat,星池,CANDLE FLOWER,Damacai 大馬彩
3509,Special,3998,2016-09-03,Sat,星池,Candle flower / 蜡烛花,Sports Toto 多多
3509,Consolation,4402/16,2016-04-13,Wed,多多,Graduated As Bachelor Of Arts / 文学士毕业,Magnum 4D 萬能
3509,Consolation,4402/16,2016-04-13,Wed,多多,CANDLE FLOWER,Damacai 大馬彩
3509,Consolation,4402/16,2016-04-13,Wed,多多,Candle flower / 蜡烛花,Sports Toto 多多
3509,Consolation,3912,2016-02-14,Sun,星池,Graduated As Bachelor Of Arts / 文学士毕业,Magnum 4D 萬能
3509,Consolation,3912,2016-02-14,Sun,星池,CANDLE FLOWER,Damacai 大馬彩
3509,Consolation,3912,2016-02-14,Sun,星池,Candle flower / 蜡烛花,Sports Toto 多多
3509,Consolation,3905,2016-01-30,Sat,星池,Graduated As Bachelor Of Arts / 文学士毕业,Magnum 4D 萬能
3509,Consolation,3905,2016-01-30,Sat,星池,CANDLE FLOWER,Damacai 大馬彩
3509,Consolation,3905,2016-01-30,Sat,星池,Candle flower / 蜡烛花,Sports Toto 多多
3509,Special,004/16,2016-01-09,Sat,山打根馬會,Graduated As Bachelor Of Arts / 文学士毕业,Magnum 4D 萬能
3509,Special,004/16,2016-01-09,Sat,山打根馬會,CANDLE FLOWER,Damacai 大馬彩
3509,Special,004/16,2016-01-09,Sat,山打根馬會,Candle flower / 蜡烛花,Sports Toto 多多
3509,Consolation,4277/15,2015-08-04,Tue,多多,Graduated As Bachelor Of Arts / 文学士毕业,Magnum 4D 萬能
3509,Consolation,4277/15,2015-08-04,Tue,多多,CANDLE FLOWER,Damacai 大馬彩
3509,Consolation,4277/15,2015-08-04,Tue,多多,Candle flower / 蜡烛花,Sports Toto 多多
3509,Consolation,94/15,2015-07-08,Wed,山打根馬會,Graduated As Bachelor Of Arts / 文学士毕业,Magnum 4D 萬能
3509,Consolation,94/15,2015-07-08,Wed,山打根馬會,CANDLE FLOWER,Damacai 大馬彩
3509,Consolation,94/15,2015-07-08,Wed,山打根馬會,Candle flower / 蜡烛花,Sports Toto 多多
3509,Consolation,4194/15,2015-05-31,Sun,大馬彩,Graduated As Bachelor Of Arts / 文学士毕业,Magnum 4D 萬能
3509,Consolation,4194/15,2015-05-31,Sun,大馬彩,CANDLE FLOWER,Damacai 大馬彩
3509,Consolation,4194/15,2015-05-31,Sun,大馬彩,Candle flower / 蜡烛花,Sports Toto 多多
3509,Consolation,2188/14,2014-09-20,Sat,沙巴彩,Graduated As Bachelor Of Arts / 文学士毕业,Magnum 4D 萬能
3509,Consolation,2188/14,2014-09-20,Sat,沙巴彩,CANDLE FLOWER,Damacai 大馬彩
3509,Consolation,2188/14,2014-09-20,Sat,沙巴彩,Candle flower / 蜡烛花,Sports Toto 多多
3509,Special,4092/14,2014-07-23,Wed,多多,Graduated As Bachelor Of Arts / 文学士毕业,Magnum 4D 萬能
3509,Special,4092/14,2014-07-23,Wed,多多,CANDLE FLOWER,Damacai 大馬彩
3509,Special,4092/14,2014-07-23,Wed,多多,Candle flower / 蜡烛花,Sports Toto 多多
3509,Special,1992/13,2013-08-17,Sat,沙巴彩,Graduated As Bachelor Of Arts / 文学士毕业,Magnum 4D 萬能
3509,Special,1992/13,2013-08-17,Sat,沙巴彩,CANDLE FLOWER,Damacai 大馬彩
3509,Special,1992/13,2013-08-17,Sat,沙巴彩,Candle flower / 蜡烛花,Sports Toto 多多
3509,Special,3053/13,2013-06-09,Sun,砂大萬,Graduated As Bachelor Of Arts / 文学士毕业,Magnum 4D 萬能
3509,Special,3053/13,2013-06-09,Sun,砂大萬,CANDLE FLOWER,Damacai 大馬彩
3509,Special,3053/13,2013-06-09,Sun,砂大萬,Candle flower / 蜡烛花,Sports Toto 多多
3509,Consolation,3820/13,2013-04-28,Sun,大馬彩,Graduated As Bachelor Of Arts / 文学士毕业,Magnum 4D 萬能
3509,Consolation,3820/13,2013-04-28,Sun,大馬彩,CANDLE FLOWER,Damacai 大馬彩
3509,Consolation,3820/13,2013-04-28,Sun,大馬彩,Candle flower / 蜡烛花,Sports Toto 多多
3509,Consolation,3815/13,2013-04-17,Wed,大馬彩,Graduated As Bachelor Of Arts / 文学士毕业,Magnum 4D 萬能
3509,Consolation,3815/13,2013-04-17,Wed,大馬彩,CANDLE FLOWER,Damacai 大馬彩
3509,Consolation,3815/13,2013-04-17,Wed,大馬彩,Candle flower / 蜡烛花,Sports Toto 多多
3509,2ND,3004/13,2013-03-02,Sat,砂大萬,Graduated As Bachelor Of Arts / 文学士毕业,Magnum 4D 萬能
3509,2ND,3004/13,2013-03-02,Sat,砂大萬,CANDLE FLOWER,Damacai 大馬彩
3509,2ND,3004/13,2013-03-02,Sat,砂大萬,Candle flower / 蜡烛花,Sports Toto 多多
3509,Special,7/13,2013-01-13,Sun,山打根馬會,Graduated As Bachelor Of Arts / 文学士毕业,Magnum 4D 萬能
3509,Special,7/13,2013-01-13,Sun,山打根馬會,CANDLE FLOWER,Damacai 大馬彩
3509,Special,7/13,2013-01-13,Sun,山打根馬會,Candle flower / 蜡烛花,Sports Toto 多多
3509,Consolation,2975/13,2013-01-05,Sat,砂大萬,Graduated As Bachelor Of Arts / 文学士毕业,Magnum 4D 萬能
3509,Consolation,2975/13,2013-01-05,Sat,砂大萬,CANDLE FLOWER,Damacai 大馬彩
3509,Consolation,2975/13,2013-01-05,Sat,砂大萬,Candle flower / 蜡烛花,Sports Toto 多多
3509,Special,2970/12,2012-12-23,Sun,砂大萬,Graduated As Bachelor Of Arts / 文学士毕业,Magnum 4D 萬能
3509,Special,2970/12,2012-12-23,Sun,砂大萬,CANDLE FLOWER,Damacai 大馬彩
3509,Special,2970/12,2012-12-23,Sun,砂大萬,Candle flower / 蜡烛花,Sports Toto 多多
3509,Special,3587/12,2012-01-11,Wed,大馬彩,Graduated As Bachelor Of Arts / 文学士毕业,Magnum 4D 萬能
3509,Special,3587/12,2012-01-11,Wed,大馬彩,CANDLE FLOWER,Damacai 大馬彩
3509,Special,3587/12,2012-01-11,Wed,大馬彩,Candle flower / 蜡烛花,Sports Toto 多多
3509,Special,3105/2010,2010-12-19,Sun,星池,Graduated As Bachelor Of Arts / 文学士毕业,Magnum 4D 萬能
3509,Special,3105/2010,2010-12-19,Sun,星池,CANDLE FLOWER,Damacai 大馬彩
3509,Special,3105/2010,2010-12-19,Sun,星池,Candle flower / 蜡烛花,Sports Toto 多多
3509,Consolation,1427/10,2010-06-09,Wed,沙巴彩,Graduated As Bachelor Of Arts / 文学士毕业,Magnum 4D 萬能
3509,Consolation,1427/10,2010-06-09,Wed,沙巴彩,CANDLE FLOWER,Damacai 大馬彩
3509,Consolation,1427/10,2010-06-09,Wed,沙巴彩,Candle flower / 蜡烛花,Sports Toto 多多
3509,Special,3298/10,2010-02-02,Tue,多多,Graduated As Bachelor Of Arts / 文学士毕业,Magnum 4D 萬能
3509,Special,3298/10,2010-02-02,Tue,多多,CANDLE FLOWER,Damacai 大馬彩
3509,Special,3298/10,2010-02-02,Tue,多多,Candle flower / 蜡烛花,Sports Toto 多多
3509,2ND,2873/2009,2009-06-27,Sat,星池,Graduated As Bachelor Of Arts / 文学士毕业,Magnum 4D 萬能
3509,2ND,2873/2009,2009-06-27,Sat,星池,CANDLE FLOWER,Damacai 大馬彩
3509,2ND,2873/2009,2009-06-27,Sat,星池,Candle flower / 蜡烛花,Sports Toto 多多
3509,Special,150/08,2008-12-06,Sat,山打根馬會,Graduated As Bachelor Of Arts / 文学士毕业,Magnum 4D 萬能
3509,Special,150/08,2008-12-06,Sat,山打根馬會,CANDLE FLOWER,Damacai 大馬彩
3509,Special,150/08,2008-12-06,Sat,山打根馬會,Candle flower / 蜡烛花,Sports Toto 多多
3509,Consolation,2785/2008,2008-12-03,Wed,星池,Graduated As Bachelor Of Arts / 文学士毕业,Magnum 4D 萬能
3509,Consolation,2785/2008,2008-12-03,Wed,星池,CANDLE FLOWER,Damacai 大馬彩
3509,Consolation,2785/2008,2008-12-03,Wed,星池,Candle flower / 蜡烛花,Sports Toto 多多
3509,2ND,2238/08,2008-11-02,Sun,砂大萬,Graduated As Bachelor Of Arts / 文学士毕业,Magnum 4D 萬能
3509,2ND,2238/08,2008-11-02,Sun,砂大萬,CANDLE FLOWER,Damacai 大馬彩
3509,2ND,2238/08,2008-11-02,Sun,砂大萬,Candle flower / 蜡烛花,Sports Toto 多多
3509,Special,2897/07,2007-09-15,Sat,多多,Graduated As Bachelor Of Arts / 文学士毕业,Magnum 4D 萬能
3509,Special,2897/07,2007-09-15,Sat,多多,CANDLE FLOWER,Damacai 大馬彩
3509,Special,2897/07,2007-09-15,Sat,多多,Candle flower / 蜡烛花,Sports Toto 多多
3509,Special,2022/07,2007-07-01,Sun,砂大萬,Graduated As Bachelor Of Arts / 文学士毕业,Magnum 4D 萬能
3509,Special,2022/07,2007-07-01,Sun,砂大萬,CANDLE FLOWER,Damacai 大馬彩
3509,Special,2022/07,2007-07-01,Sun,砂大萬,Candle flower / 蜡烛花,Sports Toto 多多
3509,Special,51/07,2007-04-22,Sun,山打根馬會,Graduated As Bachelor Of Arts / 文学士毕业,Magnum 4D 萬能
3509,Special,51/07,2007-04-22,Sun,山打根馬會,CANDLE FLOWER,Damacai 大馬彩
3509,Special,51/07,2007-04-22,Sun,山打根馬會,Candle flower / 蜡烛花,Sports Toto 多多
3509,Consolation,895/07,2007-04-21,Sat,沙巴彩,Graduated As Bachelor Of Arts / 文学士毕业,Magnum 4D 萬能
3509,Consolation,895/07,2007-04-21,Sat,沙巴彩,CANDLE FLOWER,Damacai 大馬彩
3509,Consolation,895/07,2007-04-21,Sat,沙巴彩,Candle flower / 蜡烛花,Sports Toto 多多
3509,3RD,1974/07,2007-03-21,Wed,砂大萬,Graduated As Bachelor Of Arts / 文学士毕业,Magnum 4D 萬能
3509,3RD,1974/07,2007-03-21,Wed,砂大萬,CANDLE FLOWER,Damacai 大馬彩
3509,3RD,1974/07,2007-03-21,Wed,砂大萬,Candle flower / 蜡烛花,Sports Toto 多多
3509,3RD,2730/07,2007-01-10,Wed,大馬彩,Graduated As Bachelor Of Arts / 文学士毕业,Magnum 4D 萬能
3509,3RD,2730/07,2007-01-10,Wed,大馬彩,CANDLE FLOWER,Damacai 大馬彩
3509,3RD,2730/07,2007-01-10,Wed,大馬彩,Candle flower / 蜡烛花,Sports Toto 多多
3509,Special,2633/06,2006-06-11,Sun,大馬彩,Graduated As Bachelor Of Arts / 文学士毕业,Magnum 4D 萬能
3509,Special,2633/06,2006-06-11,Sun,大馬彩,CANDLE FLOWER,Damacai 大馬彩
3509,Special,2633/06,2006-06-11,Sun,大馬彩,Candle flower / 蜡烛花,Sports Toto 多多
3509,Consolation,730/06,2006-04-25,Tue,沙巴彩,Graduated As Bachelor Of Arts / 文学士毕业,Magnum 4D 萬能
3509,Consolation,730/06,2006-04-25,Tue,沙巴彩,CANDLE FLOWER,Damacai 大馬彩
3509,Consolation,730/06,2006-04-25,Tue,沙巴彩,Candle flower / 蜡烛花,Sports Toto 多多
3509,Consolation,2574/06,2006-02-08,Wed,大馬彩,Graduated As Bachelor Of Arts / 文学士毕业,Magnum 4D 萬能
3509,Consolation,2574/06,2006-02-08,Wed,大馬彩,CANDLE FLOWER,Damacai 大馬彩
3509,Consolation,2574/06,2006-02-08,Wed,大馬彩,Candle flower / 蜡烛花,Sports Toto 多多
3509,Consolation,155/05,2005-12-25,Sun,萬能,Graduated As Bachelor Of Arts / 文学士毕业,Magnum 4D 萬能
3509,Consolation,155/05,2005-12-25,Sun,萬能,CANDLE FLOWER,Damacai 大馬彩
3509,Consolation,155/05,2005-12-25,Sun,萬能,Candle flower / 蜡烛花,Sports Toto 多多
3509,Consolation,113/05,2005-08-24,Wed,山打根馬會,Graduated As Bachelor Of Arts / 文学士毕业,Magnum 4D 萬能
3509,Consolation,113/05,2005-08-24,Wed,山打根馬會,CANDLE FLOWER,Damacai 大馬彩
3509,Consolation,113/05,2005-08-24,Wed,山打根馬會,Candle flower / 蜡烛花,Sports Toto 多多
3509,Consolation,1683/05,2005-07-02,Sat,砂大萬,Graduated As Bachelor Of Arts / 文学士毕业,Magnum 4D 萬能
3509,Consolation,1683/05,2005-07-02,Sat,砂大萬,CANDLE FLOWER,Damacai 大馬彩
3509,Consolation,1683/05,2005-07-02,Sat,砂大萬,Candle flower / 蜡烛花,Sports Toto 多多
3509,Special,2379/04,2004-08-28,Sat,多多,Graduated As Bachelor Of Arts / 文学士毕业,Magnum 4D 萬能
3509,Special,2379/04,2004-08-28,Sat,多多,CANDLE FLOWER,Damacai 大馬彩
3509,Special,2379/04,2004-08-28,Sat,多多,Candle flower / 蜡烛花,Sports Toto 多多
3509,Special,416/04,2004-06-20,Sun,沙巴彩,Graduated As Bachelor Of Arts / 文学士毕业,Magnum 4D 萬能
3509,Special,416/04,2004-06-20,Sun,沙巴彩,CANDLE FLOWER,Damacai 大馬彩
3509,Special,416/04,2004-06-20,Sun,沙巴彩,Candle flower / 蜡烛花,Sports Toto 多多
3509,Consolation,057/04,2004-05-12,Wed,萬能,Graduated As Bachelor Of Arts / 文学士毕业,Magnum 4D 萬能
3509,Consolation,057/04,2004-05-12,Wed,萬能,CANDLE FLOWER,Damacai 大馬彩
3509,Consolation,057/04,2004-05-12,Wed,萬能,Candle flower / 蜡烛花,Sports Toto 多多
3509,Consolation,2158/03,2003-08-24,Sun,大馬彩,Graduated As Bachelor Of Arts / 文学士毕业,Magnum 4D 萬能
3509,Consolation,2158/03,2003-08-24,Sun,大馬彩,CANDLE FLOWER,Damacai 大馬彩
3509,Consolation,2158/03,2003-08-24,Sun,大馬彩,Candle flower / 蜡烛花,Sports Toto 多多
3509,Special,1934/2003,2003-06-28,Sat,星池,Graduated As Bachelor Of Arts / 文学士毕业,Magnum 4D 萬能
3509,Special,1934/2003,2003-06-28,Sat,星池,CANDLE FLOWER,Damacai 大馬彩
3509,Special,1934/2003,2003-06-28,Sat,星池,Candle flower / 蜡烛花,Sports Toto 多多
3509,3RD,1343/03,2003-06-18,Wed,砂大萬,Graduated As Bachelor Of Arts / 文学士毕业,Magnum 4D 萬能
3509,3RD,1343/03,2003-06-18,Wed,砂大萬,CANDLE FLOWER,Damacai 大馬彩
3509,3RD,1343/03,2003-06-18,Wed,砂大萬,Candle flower / 蜡烛花,Sports Toto 多多
3509,Special,180/03,2003-01-18,Sat,沙巴彩,Graduated As Bachelor Of Arts / 文学士毕业,Magnum 4D 萬能
3509,Special,180/03,2003-01-18,Sat,沙巴彩,CANDLE FLOWER,Damacai 大馬彩
3509,Special,180/03,2003-01-18,Sat,沙巴彩,Candle flower / 蜡烛花,Sports Toto 多多
3509,Special,139/02,2002-10-13,Sun,沙巴彩,Graduated As Bachelor Of Arts / 文学士毕业,Magnum 4D 萬能
3509,Special,139/02,2002-10-13,Sun,沙巴彩,CANDLE FLOWER,Damacai 大馬彩
3509,Special,139/02,2002-10-13,Sun,沙巴彩,Candle flower / 蜡烛花,Sports Toto 多多
3509,Consolation,1954/02,2002-06-01,Sat,大馬彩,Graduated As Bachelor Of Arts / 文学士毕业,Magnum 4D 萬能
3509,Consolation,1954/02,2002-06-01,Sat,大馬彩,CANDLE FLOWER,Damacai 大馬彩
3509,Consolation,1954/02,2002-06-01,Sat,大馬彩,Candle flower / 蜡烛花,Sports Toto 多多
3509,Special,1720/2002,2002-02-13,Wed,星池,Graduated As Bachelor Of Arts / 文学士毕业,Magnum 4D 萬能
3509,Special,1720/2002,2002-02-13,Wed,星池,CANDLE FLOWER,Damacai 大馬彩
3509,Special,1720/2002,2002-02-13,Wed,星池,Candle flower / 蜡烛花,Sports Toto 多多
3509,Special,1109/02,2002-01-16,Wed,砂大萬,Graduated As Bachelor Of Arts / 文学士毕业,Magnum 4D 萬能
3509,Special,1109/02,2002-01-16,Wed,砂大萬,CANDLE FLOWER,Damacai 大馬彩
3509,Special,1109/02,2002-01-16,Wed,砂大萬,Candle flower / 蜡烛花,Sports Toto 多多
3509,Consolation,1702/2002,2002-01-02,Wed,星池,Graduated As Bachelor Of Arts / 文学士毕业,Magnum 4D 萬能
3509,Consolation,1702/2002,2002-01-02,Wed,星池,CANDLE FLOWER,Damacai 大馬彩
3509,Consolation,1702/2002,2002-01-02,Wed,星池,Candle flower / 蜡烛花,Sports Toto 多多
3509,Special,0962/01,2001-02-25,Sun,砂大萬,Graduated As Bachelor Of Arts / 文学士毕业,Magnum 4D 萬能
3509,Special,0962/01,2001-02-25,Sun,砂大萬,CANDLE FLOWER,Damacai 大馬彩
3509,Special,0962/01,2001-02-25,Sun,砂大萬,Candle flower / 蜡烛花,Sports Toto 多多
3509,Special,1512/2000,2000-10-15,Sun,星池,Graduated As Bachelor Of Arts / 文学士毕业,Magnum 4D 萬能
3509,Special,1512/2000,2000-10-15,Sun,星池,CANDLE FLOWER,Damacai 大馬彩
3509,Special,1512/2000,2000-10-15,Sun,星池,Candle flower / 蜡烛花,Sports Toto 多多
3509,Consolation,098/00,2000-08-13,Sun,萬能,Graduated As Bachelor Of Arts / 文学士毕业,Magnum 4D 萬能
3509,Consolation,098/00,2000-08-13,Sun,萬能,CANDLE FLOWER,Damacai 大馬彩
3509,Consolation,098/00,2000-08-13,Sun,萬能,Candle flower / 蜡烛花,Sports Toto 多多
3509,Consolation,086/00,2000-07-16,Sun,萬能,Graduated As Bachelor Of Arts / 文学士毕业,Magnum 4D 萬能
3509,Consolation,086/00,2000-07-16,Sun,萬能,CANDLE FLOWER,Damacai 大馬彩
3509,Consolation,086/00,2000-07-16,Sun,萬能,Candle flower / 蜡烛花,Sports Toto 多多
3509,Consolation,78/2000,2000-06-25,Sun,山打根馬會,Graduated As Bachelor Of Arts / 文学士毕业,Magnum 4D 萬能
3509,Consolation,78/2000,2000-06-25,Sun,山打根馬會,CANDLE FLOWER,Damacai 大馬彩
3509,Consolation,78/2000,2000-06-25,Sun,山打根馬會,Candle flower / 蜡烛花,Sports Toto 多多
3509,3RD,1468/99,1999-06-05,Sat,大馬彩,Graduated As Bachelor Of Arts / 文学士毕业,Magnum 4D 萬能
3509,3RD,1468/99,1999-06-05,Sat,大馬彩,CANDLE FLOWER,Damacai 大馬彩
3509,3RD,1468/99,1999-06-05,Sat,大馬彩,Candle flower / 蜡烛花,Sports Toto 多多
3509,Consolation,1250/98,1998-01-24,Sat,大馬彩,Graduated As Bachelor Of Arts / 文学士毕业,Magnum 4D 萬能
3509,Consolation,1250/98,1998-01-24,Sat,大馬彩,CANDLE FLOWER,Damacai 大馬彩
3509,Consolation,1250/98,1998-01-24,Sat,大馬彩,Candle flower / 蜡烛花,Sports Toto 多多
3509,1ST,091/96,1996-07-31,Wed,萬能,Graduated As Bachelor Of Arts / 文学士毕业,Magnum 4D 萬能
3509,1ST,091/96,1996-07-31,Wed,萬能,CANDLE FLOWER,Damacai 大馬彩
3509,1ST,091/96,1996-07-31,Wed,萬能,Candle flower / 蜡烛花,Sports Toto 多多
3509,Consolation,090/96,1996-07-28,Sun,萬能,Graduated As Bachelor Of Arts / 文学士毕业,Magnum 4D 萬能
3509,Consolation,090/96,1996-07-28,Sun,萬能,CANDLE FLOWER,Damacai 大馬彩
3509,Consolation,090/96,1996-07-28,Sun,萬能,Candle flower / 蜡烛花,Sports Toto 多多
3509,2ND,D19960127,1996-01-27,Sat,星池,Graduated As Bachelor Of Arts / 文学士毕业,Magnum 4D 萬能
3509,2ND,D19960127,1996-01-27,Sat,星池,CANDLE FLOWER,Damacai 大馬彩
3509,2ND,D19960127,1996-01-27,Sat,星池,Candle flower / 蜡烛花,Sports Toto 多多
3509,Special,123/94,1994-10-12,Wed,萬能,Graduated As Bachelor Of Arts / 文学士毕业,Magnum 4D 萬能
3509,Special,123/94,1994-10-12,Wed,萬能,CANDLE FLOWER,Damacai 大馬彩
3509,Special,123/94,1994-10-12,Wed,萬能,Candle flower / 蜡烛花,Sports Toto 多多
3509,Consolation,114/93,1993-09-23,Thu,萬能,Graduated As Bachelor Of Arts / 文学士毕业,Magnum 4D 萬能
3509,Consolation,114/93,1993-09-23,Thu,萬能,CANDLE FLOWER,Damacai 大馬彩
3509,Consolation,114/93,1993-09-23,Thu,萬能,Candle flower / 蜡烛花,Sports Toto 多多
3509,Consolation,608/93,1993-08-18,Wed,多多,Graduated As Bachelor Of Arts / 文学士毕业,Magnum 4D 萬能
3509,Consolation,608/93,1993-08-18,Wed,多多,CANDLE FLOWER,Damacai 大馬彩
3509,Consolation,608/93,1993-08-18,Wed,多多,Candle flower / 蜡烛花,Sports Toto 多多
3509,2ND,068/93,1993-06-07,Mon,萬能,Graduated As Bachelor Of Arts / 文学士毕业,Magnum 4D 萬能
3509,2ND,068/93,1993-06-07,Mon,萬能,CANDLE FLOWER,Damacai 大馬彩
3509,2ND,068/93,1993-06-07,Mon,萬能,Candle flower / 蜡烛花,Sports Toto 多多
3509,Consolation,007/92,1992-01-16,Thu,萬能,Graduated As Bachelor Of Arts / 文学士毕业,Magnum 4D 萬能
3509,Consolation,007/92,1992-01-16,Thu,萬能,CANDLE FLOWER,Damacai 大馬彩
3509,Consolation,007/92,1992-01-16,Thu,萬能,Candle flower / 蜡烛花,Sports Toto 多多
3509,2ND,D19910817,1991-08-17,Sat,星池,Graduated As Bachelor Of Arts / 文学士毕业,Magnum 4D 萬能
3509,2ND,D19910817,1991-08-17,Sat,星池,CANDLE FLOWER,Damacai 大馬彩
3509,2ND,D19910817,1991-08-17,Sat,星池,Candle flower / 蜡烛花,Sports Toto 多多
3509,Consolation,044/91,1991-04-13,Sat,萬能,Graduated As Bachelor Of Arts / 文学士毕业,Magnum 4D 萬能
3509,Consolation,044/91,1991-04-13,Sat,萬能,CANDLE FLOWER,Damacai 大馬彩
3509,Consolation,044/91,1991-04-13,Sat,萬能,Candle flower / 蜡烛花,Sports Toto 多多
3509,1ST,0103/90,1990-08-25,Sat,大馬彩,Graduated As Bachelor Of Arts / 文学士毕业,Magnum 4D 萬能
3509,1ST,0103/90,1990-08-25,Sat,大馬彩,CANDLE FLOWER,Damacai 大馬彩
3509,1ST,0103/90,1990-08-25,Sat,大馬彩,Candle flower / 蜡烛花,Sports Toto 多多
