彩号,彩金,抽奖,开彩日期,开彩日,秦庄,图译,秦典
4233,Special,3894/24,2024-07-13,Sat,沙巴彩,CD-ROM / 光碟解读器,Magnum 4D 萬能
4233,Special,3894/24,2024-07-13,Sat,沙巴彩,CHIEF EXECUTIVE OFFICIAL,Damacai 大馬彩
4233,Special,3894/24,2024-07-13,Sat,沙巴彩,Big windmill / 大风车,Sports Toto 多多
4233,2ND,5667/23,2023-07-22,Sat,多多,CD-ROM / 光碟解读器,Magnum 4D 萬能
4233,2ND,5667/23,2023-07-22,Sat,多多,CHIEF EXECUTIVE OFFICIAL,Damacai 大馬彩
4233,2ND,5667/23,2023-07-22,Sat,多多,Big windmill / 大风车,Sports Toto 多多
4233,Consolation,4985,2023-03-11,Sat,星池,CD-ROM / 光碟解读器,Magnum 4D 萬能
4233,Consolation,4985,2023-03-11,Sat,星池,CHIEF EXECUTIVE OFFICIAL,Damacai 大馬彩
4233,Consolation,4985,2023-03-11,Sat,星池,Big windmill / 大风车,Sports Toto 多多
4233,Consolation,4956,2023-01-01,Sun,星池,CD-ROM / 光碟解读器,Magnum 4D 萬能
4233,Consolation,4956,2023-01-01,Sun,星池,CHIEF EXECUTIVE OFFICIAL,Damacai 大馬彩
4233,Consolation,4956,2023-01-01,Sun,星池,Big windmill / 大风车,Sports Toto 多多
4233,Consolation,5515/22,2022-12-18,Sun,大馬彩,CD-ROM / 光碟解读器,Magnum 4D 萬能
4233,Consolation,5515/22,2022-12-18,Sun,大馬彩,CHIEF EXECUTIVE OFFICIAL,Damacai 大馬彩
4233,Consolation,5515/22,2022-12-18,Sun,大馬彩,Big windmill / 大风车,Sports Toto 多多
4233,Consolation,4886,2022-07-23,Sat,星池,CD-ROM / 光碟解读器,Magnum 4D 萬能
4233,Consolation,4886,2022-07-23,Sat,星池,CHIEF EXECUTIVE OFFICIAL,Damacai 大馬彩
4233,Consolation,4886,2022-07-23,Sat,星池,Big windmill / 大风车,Sports Toto 多多
4233,Special,4878,2022-07-03,Sun,星池,CD-ROM / 光碟解读器,Magnum 4D 萬能
4233,Special,4878,2022-07-03,Sun,星池,CHIEF EXECUTIVE OFFICIAL,Damacai 大馬彩
4233,Special,4878,2022-07-03,Sun,星池,Big windmill / 大风车,Sports Toto 多多
4233,Special,027/22,2022-02-23,Wed,山打根馬會,CD-ROM / 光碟解读器,Magnum 4D 萬能
4233,Special,027/22,2022-02-23,Wed,山打根馬會,CHIEF EXECUTIVE OFFICIAL,Damacai 大馬彩
4233,Special,027/22,2022-02-23,Wed,山打根馬會,Big windmill / 大风车,Sports Toto 多多
4233,Special,3467/22,2022-01-09,Sun,沙巴彩,CD-ROM / 光碟解读器,Magnum 4D 萬能
4233,Special,3467/22,2022-01-09,Sun,沙巴彩,CHIEF EXECUTIVE OFFICIAL,Damacai 大馬彩
4233,Special,3467/22,2022-01-09,Sun,沙巴彩,Big windmill / 大风车,Sports Toto 多多
4233,Consolation,3289/21,2021-01-10,Sun,沙巴彩,CD-ROM / 光碟解读器,Magnum 4D 萬能
4233,Consolation,3289/21,2021-01-10,Sun,沙巴彩,CHIEF EXECUTIVE OFFICIAL,Damacai 大馬彩
4233,Consolation,3289/21,2021-01-10,Sun,沙巴彩,Big windmill / 大风车,Sports Toto 多多
4233,Special,4948/19,2019-09-10,Tue,大馬彩,CD-ROM / 光碟解读器,Magnum 4D 萬能
4233,Special,4948/19,2019-09-10,Tue,大馬彩,CHIEF EXECUTIVE OFFICIAL,Damacai 大馬彩
4233,Special,4948/19,2019-09-10,Tue,大馬彩,Big windmill / 大风车,Sports Toto 多多
4233,Special,4946/19,2019-09-07,Sat,大馬彩,CD-ROM / 光碟解读器,Magnum 4D 萬能
4233,Special,4946/19,2019-09-07,Sat,大馬彩,CHIEF EXECUTIVE OFFICIAL,Damacai 大馬彩
4233,Special,4946/19,2019-09-07,Sat,大馬彩,Big windmill / 大风车,Sports Toto 多多
4233,Special,078/18,2018-10-03,Wed,萬能,CD-ROM / 光碟解读器,Magnum 4D 萬能
4233,Special,078/18,2018-10-03,Wed,萬能,CHIEF EXECUTIVE OFFICIAL,Damacai 大馬彩
4233,Special,078/18,2018-10-03,Wed,萬能,Big windmill / 大风车,Sports Toto 多多
4233,1ST,4706/17,2017-12-30,Sat,多多,CD-ROM / 光碟解读器,Magnum 4D 萬能
4233,1ST,4706/17,2017-12-30,Sat,多多,CHIEF EXECUTIVE OFFICIAL,Damacai 大馬彩
4233,1ST,4706/17,2017-12-30,Sat,多多,Big windmill / 大风车,Sports Toto 多多
4233,Consolation,3826/17,2017-10-11,Wed,砂大萬,CD-ROM / 光碟解读器,Magnum 4D 萬能
4233,Consolation,3826/17,2017-10-11,Wed,砂大萬,CHIEF EXECUTIVE OFFICIAL,Damacai 大馬彩
4233,Consolation,3826/17,2017-10-11,Wed,砂大萬,Big windmill / 大风车,Sports Toto 多多
4233,Special,3966,2016-06-19,Sun,星池,CD-ROM / 光碟解读器,Magnum 4D 萬能
4233,Special,3966,2016-06-19,Sun,星池,CHIEF EXECUTIVE OFFICIAL,Damacai 大馬彩
4233,Special,3966,2016-06-19,Sun,星池,Big windmill / 大风车,Sports Toto 多多
4233,2ND,3571/16,2016-05-07,Sat,砂大萬,CD-ROM / 光碟解读器,Magnum 4D 萬能
4233,2ND,3571/16,2016-05-07,Sat,砂大萬,CHIEF EXECUTIVE OFFICIAL,Damacai 大馬彩
4233,2ND,3571/16,2016-05-07,Sat,砂大萬,Big windmill / 大风车,Sports Toto 多多
4233,1ST,598/16,2016-02-16,Tue,萬能,CD-ROM / 光碟解读器,Magnum 4D 萬能
4233,1ST,598/16,2016-02-16,Tue,萬能,CHIEF EXECUTIVE OFFICIAL,Damacai 大馬彩
4233,1ST,598/16,2016-02-16,Tue,萬能,Big windmill / 大风车,Sports Toto 多多
4233,Special,3810,2015-06-21,Sun,星池,CD-ROM / 光碟解读器,Magnum 4D 萬能
4233,Special,3810,2015-06-21,Sun,星池,CHIEF EXECUTIVE OFFICIAL,Damacai 大馬彩
4233,Special,3810,2015-06-21,Sun,星池,Big windmill / 大风车,Sports Toto 多多
4233,Special,2317/15,2015-06-06,Sat,沙巴彩,CD-ROM / 光碟解读器,Magnum 4D 萬能
4233,Special,2317/15,2015-06-06,Sat,沙巴彩,CHIEF EXECUTIVE OFFICIAL,Damacai 大馬彩
4233,Special,2317/15,2015-06-06,Sat,沙巴彩,Big windmill / 大风车,Sports Toto 多多
4233,Special,57/15,2015-04-22,Wed,山打根馬會,CD-ROM / 光碟解读器,Magnum 4D 萬能
4233,Special,57/15,2015-04-22,Wed,山打根馬會,CHIEF EXECUTIVE OFFICIAL,Damacai 大馬彩
4233,Special,57/15,2015-04-22,Wed,山打根馬會,Big windmill / 大风车,Sports Toto 多多
4233,Special,055/15,2015-04-18,Sat,山打根馬會,CD-ROM / 光碟解读器,Magnum 4D 萬能
4233,Special,055/15,2015-04-18,Sat,山打根馬會,CHIEF EXECUTIVE OFFICIAL,Damacai 大馬彩
4233,Special,055/15,2015-04-18,Sat,山打根馬會,Big windmill / 大风车,Sports Toto 多多
4233,Consolation,4155/15,2015-03-14,Sat,大馬彩,CD-ROM / 光碟解读器,Magnum 4D 萬能
4233,Consolation,4155/15,2015-03-14,Sat,大馬彩,CHIEF EXECUTIVE OFFICIAL,Damacai 大馬彩
4233,Consolation,4155/15,2015-03-14,Sat,大馬彩,Big windmill / 大风车,Sports Toto 多多
4233,Consolation,4134/14,2014-10-18,Sat,多多,CD-ROM / 光碟解读器,Magnum 4D 萬能
4233,Consolation,4134/14,2014-10-18,Sat,多多,CHIEF EXECUTIVE OFFICIAL,Damacai 大馬彩
4233,Consolation,4134/14,2014-10-18,Sat,多多,Big windmill / 大风车,Sports Toto 多多
4233,Consolation,3163/14,2014-01-25,Sat,砂大萬,CD-ROM / 光碟解读器,Magnum 4D 萬能
4233,Consolation,3163/14,2014-01-25,Sat,砂大萬,CHIEF EXECUTIVE OFFICIAL,Damacai 大馬彩
4233,Consolation,3163/14,2014-01-25,Sat,砂大萬,Big windmill / 大风车,Sports Toto 多多
4233,Special,11/14,2014-01-22,Wed,山打根馬會,CD-ROM / 光碟解读器,Magnum 4D 萬能
4233,Special,11/14,2014-01-22,Wed,山打根馬會,CHIEF EXECUTIVE OFFICIAL,Damacai 大馬彩
4233,Special,11/14,2014-01-22,Wed,山打根馬會,Big windmill / 大风车,Sports Toto 多多
4233,Special,3996/14,2014-01-07,Tue,多多,CD-ROM / 光碟解读器,Magnum 4D 萬能
4233,Special,3996/14,2014-01-07,Tue,多多,CHIEF EXECUTIVE OFFICIAL,Damacai 大馬彩
4233,Special,3996/14,2014-01-07,Tue,多多,Big windmill / 大风车,Sports Toto 多多
4233,1ST,3539,2013-09-28,Sat,星池,CD-ROM / 光碟解读器,Magnum 4D 萬能
4233,1ST,3539,2013-09-28,Sat,星池,CHIEF EXECUTIVE OFFICIAL,Damacai 大馬彩
4233,1ST,3539,2013-09-28,Sat,星池,Big windmill / 大风车,Sports Toto 多多
4233,1ST,3103/13,2013-09-22,Sun,砂大萬,CD-ROM / 光碟解读器,Magnum 4D 萬能
4233,1ST,3103/13,2013-09-22,Sun,砂大萬,CHIEF EXECUTIVE OFFICIAL,Damacai 大馬彩
4233,1ST,3103/13,2013-09-22,Sun,砂大萬,Big windmill / 大风车,Sports Toto 多多
4233,Special,3872/13,2013-08-14,Wed,大馬彩,CD-ROM / 光碟解读器,Magnum 4D 萬能
4233,Special,3872/13,2013-08-14,Wed,大馬彩,CHIEF EXECUTIVE OFFICIAL,Damacai 大馬彩
4233,Special,3872/13,2013-08-14,Wed,大馬彩,Big windmill / 大风车,Sports Toto 多多
4233,Consolation,071/13,2013-03-06,Wed,萬能,CD-ROM / 光碟解读器,Magnum 4D 萬能
4233,Consolation,071/13,2013-03-06,Wed,萬能,CHIEF EXECUTIVE OFFICIAL,Damacai 大馬彩
4233,Consolation,071/13,2013-03-06,Wed,萬能,Big windmill / 大风车,Sports Toto 多多
4233,1ST,3716/12,2012-09-30,Sun,大馬彩,CD-ROM / 光碟解读器,Magnum 4D 萬能
4233,1ST,3716/12,2012-09-30,Sun,大馬彩,CHIEF EXECUTIVE OFFICIAL,Damacai 大馬彩
4233,1ST,3716/12,2012-09-30,Sun,大馬彩,Big windmill / 大风车,Sports Toto 多多
4233,Special,3369/2012,2012-08-26,Sun,星池,CD-ROM / 光碟解读器,Magnum 4D 萬能
4233,Special,3369/2012,2012-08-26,Sun,星池,CHIEF EXECUTIVE OFFICIAL,Damacai 大馬彩
4233,Special,3369/2012,2012-08-26,Sun,星池,Big windmill / 大风车,Sports Toto 多多
4233,Special,3604/12,2012-02-12,Sun,大馬彩,CD-ROM / 光碟解读器,Magnum 4D 萬能
4233,Special,3604/12,2012-02-12,Sun,大馬彩,CHIEF EXECUTIVE OFFICIAL,Damacai 大馬彩
4233,Special,3604/12,2012-02-12,Sun,大馬彩,Big windmill / 大风车,Sports Toto 多多
4233,Special,3577/11,2011-12-21,Wed,大馬彩,CD-ROM / 光碟解读器,Magnum 4D 萬能
4233,Special,3577/11,2011-12-21,Wed,大馬彩,CHIEF EXECUTIVE OFFICIAL,Damacai 大馬彩
4233,Special,3577/11,2011-12-21,Wed,大馬彩,Big windmill / 大风车,Sports Toto 多多
4233,Special,3235/2011,2011-10-19,Wed,星池,CD-ROM / 光碟解读器,Magnum 4D 萬能
4233,Special,3235/2011,2011-10-19,Wed,星池,CHIEF EXECUTIVE OFFICIAL,Damacai 大馬彩
4233,Special,3235/2011,2011-10-19,Wed,星池,Big windmill / 大风车,Sports Toto 多多
4233,Special,1436/10,2010-06-29,Tue,沙巴彩,CD-ROM / 光碟解读器,Magnum 4D 萬能
4233,Special,1436/10,2010-06-29,Tue,沙巴彩,CHIEF EXECUTIVE OFFICIAL,Damacai 大馬彩
4233,Special,1436/10,2010-06-29,Tue,沙巴彩,Big windmill / 大风车,Sports Toto 多多
4233,Special,3348/10,2010-05-12,Wed,多多,CD-ROM / 光碟解读器,Magnum 4D 萬能
4233,Special,3348/10,2010-05-12,Wed,多多,CHIEF EXECUTIVE OFFICIAL,Damacai 大馬彩
4233,Special,3348/10,2010-05-12,Wed,多多,Big windmill / 大风车,Sports Toto 多多
4233,Special,3318/10,2010-03-13,Sat,多多,CD-ROM / 光碟解读器,Magnum 4D 萬能
4233,Special,3318/10,2010-03-13,Sat,多多,CHIEF EXECUTIVE OFFICIAL,Damacai 大馬彩
4233,Special,3318/10,2010-03-13,Sat,多多,Big windmill / 大风车,Sports Toto 多多
4233,Consolation,2920/2009,2009-10-14,Wed,星池,CD-ROM / 光碟解读器,Magnum 4D 萬能
4233,Consolation,2920/2009,2009-10-14,Wed,星池,CHIEF EXECUTIVE OFFICIAL,Damacai 大馬彩
4233,Consolation,2920/2009,2009-10-14,Wed,星池,Big windmill / 大风车,Sports Toto 多多
4233,Special,2346/09,2009-06-16,Tue,砂大萬,CD-ROM / 光碟解读器,Magnum 4D 萬能
4233,Special,2346/09,2009-06-16,Tue,砂大萬,CHIEF EXECUTIVE OFFICIAL,Damacai 大馬彩
4233,Special,2346/09,2009-06-16,Tue,砂大萬,Big windmill / 大风车,Sports Toto 多多
4233,Consolation,1241/09,2009-05-23,Sat,沙巴彩,CD-ROM / 光碟解读器,Magnum 4D 萬能
4233,Consolation,1241/09,2009-05-23,Sat,沙巴彩,CHIEF EXECUTIVE OFFICIAL,Damacai 大馬彩
4233,Consolation,1241/09,2009-05-23,Sat,沙巴彩,Big windmill / 大风车,Sports Toto 多多
4233,Special,2284/09,2009-02-08,Sun,砂大萬,CD-ROM / 光碟解读器,Magnum 4D 萬能
4233,Special,2284/09,2009-02-08,Sun,砂大萬,CHIEF EXECUTIVE OFFICIAL,Damacai 大馬彩
4233,Special,2284/09,2009-02-08,Sun,砂大萬,Big windmill / 大风车,Sports Toto 多多
4233,Special,1160/08,2008-12-06,Sat,沙巴彩,CD-ROM / 光碟解读器,Magnum 4D 萬能
4233,Special,1160/08,2008-12-06,Sat,沙巴彩,CHIEF EXECUTIVE OFFICIAL,Damacai 大馬彩
4233,Special,1160/08,2008-12-06,Sat,沙巴彩,Big windmill / 大风车,Sports Toto 多多
4233,Consolation,2711/2008,2008-06-14,Sat,星池,CD-ROM / 光碟解读器,Magnum 4D 萬能
4233,Consolation,2711/2008,2008-06-14,Sat,星池,CHIEF EXECUTIVE OFFICIAL,Damacai 大馬彩
4233,Consolation,2711/2008,2008-06-14,Sat,星池,Big windmill / 大风车,Sports Toto 多多
4233,Special,131/07,2007-10-14,Sun,山打根馬會,CD-ROM / 光碟解读器,Magnum 4D 萬能
4233,Special,131/07,2007-10-14,Sun,山打根馬會,CHIEF EXECUTIVE OFFICIAL,Damacai 大馬彩
4233,Special,131/07,2007-10-14,Sun,山打根馬會,Big windmill / 大风车,Sports Toto 多多
4233,Special,2044/07,2007-08-15,Wed,砂大萬,CD-ROM / 光碟解读器,Magnum 4D 萬能
4233,Special,2044/07,2007-08-15,Wed,砂大萬,CHIEF EXECUTIVE OFFICIAL,Damacai 大馬彩
4233,Special,2044/07,2007-08-15,Wed,砂大萬,Big windmill / 大风车,Sports Toto 多多
4233,Consolation,911/07,2007-05-26,Sat,沙巴彩,CD-ROM / 光碟解读器,Magnum 4D 萬能
4233,Consolation,911/07,2007-05-26,Sat,沙巴彩,CHIEF EXECUTIVE OFFICIAL,Damacai 大馬彩
4233,Consolation,911/07,2007-05-26,Sat,沙巴彩,Big windmill / 大风车,Sports Toto 多多
4233,Special,078/06,2006-06-14,Wed,山打根馬會,CD-ROM / 光碟解读器,Magnum 4D 萬能
4233,Special,078/06,2006-06-14,Wed,山打根馬會,CHIEF EXECUTIVE OFFICIAL,Damacai 大馬彩
4233,Special,078/06,2006-06-14,Wed,山打根馬會,Big windmill / 大风车,Sports Toto 多多
4233,Special,2355/2006,2006-03-05,Sun,星池,CD-ROM / 光碟解读器,Magnum 4D 萬能
4233,Special,2355/2006,2006-03-05,Sun,星池,CHIEF EXECUTIVE OFFICIAL,Damacai 大馬彩
4233,Special,2355/2006,2006-03-05,Sun,星池,Big windmill / 大风车,Sports Toto 多多
4233,Special,2533/05,2005-11-13,Sun,大馬彩,CD-ROM / 光碟解读器,Magnum 4D 萬能
4233,Special,2533/05,2005-11-13,Sun,大馬彩,CHIEF EXECUTIVE OFFICIAL,Damacai 大馬彩
4233,Special,2533/05,2005-11-13,Sun,大馬彩,Big windmill / 大风车,Sports Toto 多多
4233,Consolation,2559/05,2005-09-18,Sun,多多,CD-ROM / 光碟解读器,Magnum 4D 萬能
4233,Consolation,2559/05,2005-09-18,Sun,多多,CHIEF EXECUTIVE OFFICIAL,Damacai 大馬彩
4233,Consolation,2559/05,2005-09-18,Sun,多多,Big windmill / 大风车,Sports Toto 多多
4233,1ST,098/05,2005-08-14,Sun,萬能,CD-ROM / 光碟解读器,Magnum 4D 萬能
4233,1ST,098/05,2005-08-14,Sun,萬能,CHIEF EXECUTIVE OFFICIAL,Damacai 大馬彩
4233,1ST,098/05,2005-08-14,Sun,萬能,Big windmill / 大风车,Sports Toto 多多
4233,Consolation,2186/2005,2005-02-05,Sat,星池,CD-ROM / 光碟解读器,Magnum 4D 萬能
4233,Consolation,2186/2005,2005-02-05,Sat,星池,CHIEF EXECUTIVE OFFICIAL,Damacai 大馬彩
4233,Consolation,2186/2005,2005-02-05,Sat,星池,Big windmill / 大风车,Sports Toto 多多
4233,Special,2427/04,2004-12-12,Sun,多多,CD-ROM / 光碟解读器,Magnum 4D 萬能
4233,Special,2427/04,2004-12-12,Sun,多多,CHIEF EXECUTIVE OFFICIAL,Damacai 大馬彩
4233,Special,2427/04,2004-12-12,Sun,多多,Big windmill / 大风车,Sports Toto 多多
4233,Special,2212/03,2003-12-21,Sun,大馬彩,CD-ROM / 光碟解读器,Magnum 4D 萬能
4233,Special,2212/03,2003-12-21,Sun,大馬彩,CHIEF EXECUTIVE OFFICIAL,Damacai 大馬彩
4233,Special,2212/03,2003-12-21,Sun,大馬彩,Big windmill / 大风车,Sports Toto 多多
4233,Special,311/03,2003-11-01,Sat,沙巴彩,CD-ROM / 光碟解读器,Magnum 4D 萬能
4233,Special,311/03,2003-11-01,Sat,沙巴彩,CHIEF EXECUTIVE OFFICIAL,Damacai 大馬彩
4233,Special,311/03,2003-11-01,Sat,沙巴彩,Big windmill / 大风车,Sports Toto 多多
4233,Special,289/03,2003-09-13,Sat,沙巴彩,CD-ROM / 光碟解读器,Magnum 4D 萬能
4233,Special,289/03,2003-09-13,Sat,沙巴彩,CHIEF EXECUTIVE OFFICIAL,Damacai 大馬彩
4233,Special,289/03,2003-09-13,Sat,沙巴彩,Big windmill / 大风车,Sports Toto 多多
4233,Special,2089/02,2002-11-30,Sat,多多,CD-ROM / 光碟解读器,Magnum 4D 萬能
4233,Special,2089/02,2002-11-30,Sat,多多,CHIEF EXECUTIVE OFFICIAL,Damacai 大馬彩
4233,Special,2089/02,2002-11-30,Sat,多多,Big windmill / 大风车,Sports Toto 多多
4233,2ND,1174/02,2002-06-08,Sat,砂大萬,CD-ROM / 光碟解读器,Magnum 4D 萬能
4233,2ND,1174/02,2002-06-08,Sat,砂大萬,CHIEF EXECUTIVE OFFICIAL,Damacai 大馬彩
4233,2ND,1174/02,2002-06-08,Sat,砂大萬,Big windmill / 大风车,Sports Toto 多多
4233,Consolation,037/02,2002-02-27,Wed,沙巴彩,CD-ROM / 光碟解读器,Magnum 4D 萬能
4233,Consolation,037/02,2002-02-27,Wed,沙巴彩,CHIEF EXECUTIVE OFFICIAL,Damacai 大馬彩
4233,Consolation,037/02,2002-02-27,Wed,沙巴彩,Big windmill / 大风车,Sports Toto 多多
4233,Special,024/02,2002-02-24,Sun,萬能,CD-ROM / 光碟解读器,Magnum 4D 萬能
4233,Special,024/02,2002-02-24,Sun,萬能,CHIEF EXECUTIVE OFFICIAL,Damacai 大馬彩
4233,Special,024/02,2002-02-24,Sun,萬能,Big windmill / 大风车,Sports Toto 多多
4233,Consolation,006/02,2002-01-13,Sun,萬能,CD-ROM / 光碟解读器,Magnum 4D 萬能
4233,Consolation,006/02,2002-01-13,Sun,萬能,CHIEF EXECUTIVE OFFICIAL,Damacai 大馬彩
4233,Consolation,006/02,2002-01-13,Sun,萬能,Big windmill / 大风车,Sports Toto 多多
4233,Consolation,141/2001,2001-11-10,Sat,山打根馬會,CD-ROM / 光碟解读器,Magnum 4D 萬能
4233,Consolation,141/2001,2001-11-10,Sat,山打根馬會,CHIEF EXECUTIVE OFFICIAL,Damacai 大馬彩
4233,Consolation,141/2001,2001-11-10,Sat,山打根馬會,Big windmill / 大风车,Sports Toto 多多
4233,Special,1852/01,2001-10-10,Wed,大馬彩,CD-ROM / 光碟解读器,Magnum 4D 萬能
4233,Special,1852/01,2001-10-10,Wed,大馬彩,CHIEF EXECUTIVE OFFICIAL,Damacai 大馬彩
4233,Special,1852/01,2001-10-10,Wed,大馬彩,Big windmill / 大风车,Sports Toto 多多
4233,Special,1817/01,2001-07-28,Sat,大馬彩,CD-ROM / 光碟解读器,Magnum 4D 萬能
4233,Special,1817/01,2001-07-28,Sat,大馬彩,CHIEF EXECUTIVE OFFICIAL,Damacai 大馬彩
4233,Special,1817/01,2001-07-28,Sat,大馬彩,Big windmill / 大风车,Sports Toto 多多
4233,2ND,1826/01,2001-04-15,Sun,多多,CD-ROM / 光碟解读器,Magnum 4D 萬能
4233,2ND,1826/01,2001-04-15,Sun,多多,CHIEF EXECUTIVE OFFICIAL,Damacai 大馬彩
4233,2ND,1826/01,2001-04-15,Sun,多多,Big windmill / 大风车,Sports Toto 多多
4233,Special,0950/01,2001-01-28,Sun,砂大萬,CD-ROM / 光碟解读器,Magnum 4D 萬能
4233,Special,0950/01,2001-01-28,Sun,砂大萬,CHIEF EXECUTIVE OFFICIAL,Damacai 大馬彩
4233,Special,0950/01,2001-01-28,Sun,砂大萬,Big windmill / 大风车,Sports Toto 多多
4233,Consolation,0942/01,2001-01-13,Sat,砂大萬,CD-ROM / 光碟解读器,Magnum 4D 萬能
4233,Consolation,0942/01,2001-01-13,Sat,砂大萬,CHIEF EXECUTIVE OFFICIAL,Damacai 大馬彩
4233,Consolation,0942/01,2001-01-13,Sat,砂大萬,Big windmill / 大风车,Sports Toto 多多
4233,Special,145/00,2000-12-02,Sat,萬能,CD-ROM / 光碟解读器,Magnum 4D 萬能
4233,Special,145/00,2000-12-02,Sat,萬能,CHIEF EXECUTIVE OFFICIAL,Damacai 大馬彩
4233,Special,145/00,2000-12-02,Sat,萬能,Big windmill / 大风车,Sports Toto 多多
4233,Special,0902/00,2000-10-15,Sun,砂大萬,CD-ROM / 光碟解读器,Magnum 4D 萬能
4233,Special,0902/00,2000-10-15,Sun,砂大萬,CHIEF EXECUTIVE OFFICIAL,Damacai 大馬彩
4233,Special,0902/00,2000-10-15,Sun,砂大萬,Big windmill / 大风车,Sports Toto 多多
4233,Special,1612/00,2000-04-22,Sat,大馬彩,CD-ROM / 光碟解读器,Magnum 4D 萬能
4233,Special,1612/00,2000-04-22,Sat,大馬彩,CHIEF EXECUTIVE OFFICIAL,Damacai 大馬彩
4233,Special,1612/00,2000-04-22,Sat,大馬彩,Big windmill / 大风车,Sports Toto 多多
4233,Special,1654/00,2000-03-25,Sat,多多,CD-ROM / 光碟解读器,Magnum 4D 萬能
4233,Special,1654/00,2000-03-25,Sat,多多,CHIEF EXECUTIVE OFFICIAL,Damacai 大馬彩
4233,Special,1654/00,2000-03-25,Sat,多多,Big windmill / 大风车,Sports Toto 多多
4233,Special,8/2000,2000-01-16,Sun,山打根馬會,CD-ROM / 光碟解读器,Magnum 4D 萬能
4233,Special,8/2000,2000-01-16,Sun,山打根馬會,CHIEF EXECUTIVE OFFICIAL,Damacai 大馬彩
4233,Special,8/2000,2000-01-16,Sun,山打根馬會,Big windmill / 大风车,Sports Toto 多多
4233,2ND,1563/99,1999-09-04,Sat,多多,CD-ROM / 光碟解读器,Magnum 4D 萬能
4233,2ND,1563/99,1999-09-04,Sat,多多,CHIEF EXECUTIVE OFFICIAL,Damacai 大馬彩
4233,2ND,1563/99,1999-09-04,Sat,多多,Big windmill / 大风车,Sports Toto 多多
4233,1ST,0459/98,1998-01-18,Sun,砂大萬,CD-ROM / 光碟解读器,Magnum 4D 萬能
4233,1ST,0459/98,1998-01-18,Sun,砂大萬,CHIEF EXECUTIVE OFFICIAL,Damacai 大馬彩
4233,1ST,0459/98,1998-01-18,Sun,砂大萬,Big windmill / 大风车,Sports Toto 多多
4233,Consolation,1122/97,1997-03-30,Sun,大馬彩,CD-ROM / 光碟解读器,Magnum 4D 萬能
4233,Consolation,1122/97,1997-03-30,Sun,大馬彩,CHIEF EXECUTIVE OFFICIAL,Damacai 大馬彩
4233,Consolation,1122/97,1997-03-30,Sun,大馬彩,Big windmill / 大风车,Sports Toto 多多
4233,Consolation,1102/96,1996-10-12,Sat,多多,CD-ROM / 光碟解读器,Magnum 4D 萬能
4233,Consolation,1102/96,1996-10-12,Sat,多多,CHIEF EXECUTIVE OFFICIAL,Damacai 大馬彩
4233,Consolation,1102/96,1996-10-12,Sat,多多,Big windmill / 大风车,Sports Toto 多多
4233,Special,0188/96,1996-04-27,Sat,砂大萬,CD-ROM / 光碟解读器,Magnum 4D 萬能
4233,Special,0188/96,1996-04-27,Sat,砂大萬,CHIEF EXECUTIVE OFFICIAL,Damacai 大馬彩
4233,Special,0188/96,1996-04-27,Sat,砂大萬,Big windmill / 大风车,Sports Toto 多多
4233,Special,22/1995,1995-04-01,Sat,山打根馬會,CD-ROM / 光碟解读器,Magnum 4D 萬能
4233,Special,22/1995,1995-04-01,Sat,山打根馬會,CHIEF EXECUTIVE OFFICIAL,Damacai 大馬彩
4233,Special,22/1995,1995-04-01,Sat,山打根馬會,Big windmill / 大风车,Sports Toto 多多
4233,Consolation,768/94,1994-08-25,Thu,多多,CD-ROM / 光碟解读器,Magnum 4D 萬能
4233,Consolation,768/94,1994-08-25,Thu,多多,CHIEF EXECUTIVE OFFICIAL,Damacai 大馬彩
4233,Consolation,768/94,1994-08-25,Thu,多多,Big windmill / 大风车,Sports Toto 多多
4233,Special,0694/94,1994-07-06,Wed,大馬彩,CD-ROM / 光碟解读器,Magnum 4D 萬能
4233,Special,0694/94,1994-07-06,Wed,大馬彩,CHIEF EXECUTIVE OFFICIAL,Damacai 大馬彩
4233,Special,0694/94,1994-07-06,Wed,大馬彩,Big windmill / 大风车,Sports Toto 多多
4233,Consolation,024/93,1993-02-25,Thu,萬能,CD-ROM / 光碟解读器,Magnum 4D 萬能
4233,Consolation,024/93,1993-02-25,Thu,萬能,CHIEF EXECUTIVE OFFICIAL,Damacai 大馬彩
4233,Consolation,024/93,1993-02-25,Thu,萬能,Big windmill / 大风车,Sports Toto 多多
4233,Consolation,116/92,1992-09-26,Sat,萬能,CD-ROM / 光碟解读器,Magnum 4D 萬能
4233,Consolation,116/92,1992-09-26,Sat,萬能,CHIEF EXECUTIVE OFFICIAL,Damacai 大馬彩
4233,Consolation,116/92,1992-09-26,Sat,萬能,Big windmill / 大风车,Sports Toto 多多
4233,Special,023/92,1992-02-22,Sat,萬能,CD-ROM / 光碟解读器,Magnum 4D 萬能
4233,Special,023/92,1992-02-22,Sat,萬能,CHIEF EXECUTIVE OFFICIAL,Damacai 大馬彩
4233,Special,023/92,1992-02-22,Sat,萬能,Big windmill / 大风车,Sports Toto 多多
4233,Consolation,D19910630,1991-06-30,Sun,星池,CD-ROM / 光碟解读器,Magnum 4D 萬能
4233,Consolation,D19910630,1991-06-30,Sun,星池,CHIEF EXECUTIVE OFFICIAL,Damacai 大馬彩
4233,Consolation,D19910630,1991-06-30,Sun,星池,Big windmill / 大风车,Sports Toto 多多
4233,Special,D19891224,1989-12-24,Sun,星池,CD-ROM / 光碟解读器,Magnum 4D 萬能
4233,Special,D19891224,1989-12-24,Sun,星池,CHIEF EXECUTIVE OFFICIAL,Damacai 大馬彩
4233,Special,D19891224,1989-12-24,Sun,星池,Big windmill / 大风车,Sports Toto 多多
4233,2ND,112/89,1989-09-18,Mon,萬能,CD-ROM / 光碟解读器,Magnum 4D 萬能
4233,2ND,112/89,1989-09-18,Mon,萬能,CHIEF EXECUTIVE OFFICIAL,Damacai 大馬彩
4233,2ND,112/89,1989-09-18,Mon,萬能,Big windmill / 大风车,Sports Toto 多多
4233,3RD,014/88,1988-01-31,Sun,萬能,CD-ROM / 光碟解读器,Magnum 4D 萬能
4233,3RD,014/88,1988-01-31,Sun,萬能,CHIEF EXECUTIVE OFFICIAL,Damacai 大馬彩
4233,3RD,014/88,1988-01-31,Sun,萬能,Big windmill / 大风车,Sports Toto 多多
4233,Consolation,089/87,1987-07-25,Sat,萬能,CD-ROM / 光碟解读器,Magnum 4D 萬能
4233,Consolation,089/87,1987-07-25,Sat,萬能,CHIEF EXECUTIVE OFFICIAL,Damacai 大馬彩
4233,Consolation,089/87,1987-07-25,Sat,萬能,Big windmill / 大风车,Sports Toto 多多
4233,Special,061/87,1987-05-21,Thu,萬能,CD-ROM / 光碟解读器,Magnum 4D 萬能
4233,Special,061/87,1987-05-21,Thu,萬能,CHIEF EXECUTIVE OFFICIAL,Damacai 大馬彩
4233,Special,061/87,1987-05-21,Thu,萬能,Big windmill / 大风车,Sports Toto 多多
