彩号,彩金,抽奖,开彩日期,开彩日,秦庄,图译,秦典
6497,Consolation,5813/24,2024-10-06,Sun,大馬彩,Disguising Oneself / 乔装,Magnum 4D 萬能
6497,Consolation,5813/24,2024-10-06,Sun,大馬彩,HOUSEHOLD,Damacai 大馬彩
6497,Consolation,5813/24,2024-10-06,Sun,大馬彩,Household / 户,Sports Toto 多多
6497,1ST,069/24,2024-06-01,Sat,山打根馬會,Disguising Oneself / 乔装,Magnum 4D 萬能
6497,1ST,069/24,2024-06-01,Sat,山打根馬會,HOUSEHOLD,Damacai 大馬彩
6497,1ST,069/24,2024-06-01,Sat,山打根馬會,Household / 户,Sports Toto 多多
6497,Special,027/24,2024-04-20,Sat,萬能,Disguising Oneself / 乔装,Magnum 4D 萬能
6497,Special,027/24,2024-04-20,Sat,萬能,HOUSEHOLD,Damacai 大馬彩
6497,Special,027/24,2024-04-20,Sat,萬能,Household / 户,Sports Toto 多多
6497,Consolation,3851/24,2024-04-07,Sun,沙巴彩,Disguising Oneself / 乔装,Magnum 4D 萬能
6497,Consolation,3851/24,2024-04-07,Sun,沙巴彩,HOUSEHOLD,Damacai 大馬彩
6497,Consolation,3851/24,2024-04-07,Sun,沙巴彩,Household / 户,Sports Toto 多多
6497,Special,3831/24,2024-02-24,Sat,沙巴彩,Disguising Oneself / 乔装,Magnum 4D 萬能
6497,Special,3831/24,2024-02-24,Sat,沙巴彩,HOUSEHOLD,Damacai 大馬彩
6497,Special,3831/24,2024-02-24,Sat,沙巴彩,Household / 户,Sports Toto 多多
6497,Special,164/23,2023-12-30,Sat,山打根馬會,Disguising Oneself / 乔装,Magnum 4D 萬能
6497,Special,164/23,2023-12-30,Sat,山打根馬會,HOUSEHOLD,Damacai 大馬彩
6497,Special,164/23,2023-12-30,Sat,山打根馬會,Household / 户,Sports Toto 多多
6497,Special,5081,2023-10-21,Sat,星池,Disguising Oneself / 乔装,Magnum 4D 萬能
6497,Special,5081,2023-10-21,Sat,星池,HOUSEHOLD,Damacai 大馬彩
6497,Special,5081,2023-10-21,Sat,星池,Household / 户,Sports Toto 多多
6497,Consolation,4825/23,2023-07-19,Wed,砂大萬,Disguising Oneself / 乔装,Magnum 4D 萬能
6497,Consolation,4825/23,2023-07-19,Wed,砂大萬,HOUSEHOLD,Damacai 大馬彩
6497,Consolation,4825/23,2023-07-19,Wed,砂大萬,Household / 户,Sports Toto 多多
6497,Consolation,878/23,2023-05-28,Sun,萬能,Disguising Oneself / 乔装,Magnum 4D 萬能
6497,Consolation,878/23,2023-05-28,Sun,萬能,HOUSEHOLD,Damacai 大馬彩
6497,Consolation,878/23,2023-05-28,Sun,萬能,Household / 户,Sports Toto 多多
6497,Special,3681/23,2023-03-26,Sun,沙巴彩,Disguising Oneself / 乔装,Magnum 4D 萬能
6497,Special,3681/23,2023-03-26,Sun,沙巴彩,HOUSEHOLD,Damacai 大馬彩
6497,Special,3681/23,2023-03-26,Sun,沙巴彩,Household / 户,Sports Toto 多多
6497,Special,5505/22,2022-11-29,Tue,大馬彩,Disguising Oneself / 乔装,Magnum 4D 萬能
6497,Special,5505/22,2022-11-29,Tue,大馬彩,HOUSEHOLD,Damacai 大馬彩
6497,Special,5505/22,2022-11-29,Tue,大馬彩,Household / 户,Sports Toto 多多
6497,Consolation,4923,2022-10-16,Sun,星池,Disguising Oneself / 乔装,Magnum 4D 萬能
6497,Consolation,4923,2022-10-16,Sun,星池,HOUSEHOLD,Damacai 大馬彩
6497,Consolation,4923,2022-10-16,Sun,星池,Household / 户,Sports Toto 多多
6497,Consolation,069/22,2022-05-29,Sun,山打根馬會,Disguising Oneself / 乔装,Magnum 4D 萬能
6497,Consolation,069/22,2022-05-29,Sun,山打根馬會,HOUSEHOLD,Damacai 大馬彩
6497,Consolation,069/22,2022-05-29,Sun,山打根馬會,Household / 户,Sports Toto 多多
6497,Special,5449/22,2022-04-23,Sat,多多,Disguising Oneself / 乔装,Magnum 4D 萬能
6497,Special,5449/22,2022-04-23,Sat,多多,HOUSEHOLD,Damacai 大馬彩
6497,Special,5449/22,2022-04-23,Sat,多多,Household / 户,Sports Toto 多多
6497,Consolation,4544/21,2021-12-07,Tue,砂大萬,Disguising Oneself / 乔装,Magnum 4D 萬能
6497,Consolation,4544/21,2021-12-07,Tue,砂大萬,HOUSEHOLD,Damacai 大馬彩
6497,Consolation,4544/21,2021-12-07,Tue,砂大萬,Household / 户,Sports Toto 多多
6497,Consolation,3335/21,2021-04-11,Sun,沙巴彩,Disguising Oneself / 乔装,Magnum 4D 萬能
6497,Consolation,3335/21,2021-04-11,Sun,沙巴彩,HOUSEHOLD,Damacai 大馬彩
6497,Consolation,3335/21,2021-04-11,Sun,沙巴彩,Household / 户,Sports Toto 多多
6497,Special,5203/20,2020-11-28,Sat,多多,Disguising Oneself / 乔装,Magnum 4D 萬能
6497,Special,5203/20,2020-11-28,Sat,多多,HOUSEHOLD,Damacai 大馬彩
6497,Special,5203/20,2020-11-28,Sat,多多,Household / 户,Sports Toto 多多
6497,Special,4210/19,2019-12-28,Sat,砂大萬,Disguising Oneself / 乔装,Magnum 4D 萬能
6497,Special,4210/19,2019-12-28,Sat,砂大萬,HOUSEHOLD,Damacai 大馬彩
6497,Special,4210/19,2019-12-28,Sat,砂大萬,Household / 户,Sports Toto 多多
6497,1ST,4140/19,2019-07-30,Tue,砂大萬,Disguising Oneself / 乔装,Magnum 4D 萬能
6497,1ST,4140/19,2019-07-30,Tue,砂大萬,HOUSEHOLD,Damacai 大馬彩
6497,1ST,4140/19,2019-07-30,Tue,砂大萬,Household / 户,Sports Toto 多多
6497,Consolation,3017/19,2019-05-25,Sat,沙巴彩,Disguising Oneself / 乔装,Magnum 4D 萬能
6497,Consolation,3017/19,2019-05-25,Sat,沙巴彩,HOUSEHOLD,Damacai 大馬彩
6497,Consolation,3017/19,2019-05-25,Sat,沙巴彩,Household / 户,Sports Toto 多多
6497,Consolation,4416,2019-05-05,Sun,星池,Disguising Oneself / 乔装,Magnum 4D 萬能
6497,Consolation,4416,2019-05-05,Sun,星池,HOUSEHOLD,Damacai 大馬彩
6497,Consolation,4416,2019-05-05,Sun,星池,Household / 户,Sports Toto 多多
6497,Special,4413,2019-04-28,Sun,星池,Disguising Oneself / 乔装,Magnum 4D 萬能
6497,Special,4413,2019-04-28,Sun,星池,HOUSEHOLD,Damacai 大馬彩
6497,Special,4413,2019-04-28,Sun,星池,Household / 户,Sports Toto 多多
6497,Consolation,147/19,2019-02-23,Sat,萬能,Disguising Oneself / 乔装,Magnum 4D 萬能
6497,Consolation,147/19,2019-02-23,Sat,萬能,HOUSEHOLD,Damacai 大馬彩
6497,Consolation,147/19,2019-02-23,Sat,萬能,Household / 户,Sports Toto 多多
6497,Consolation,4894/19,2019-01-20,Sun,多多,Disguising Oneself / 乔装,Magnum 4D 萬能
6497,Consolation,4894/19,2019-01-20,Sun,多多,HOUSEHOLD,Damacai 大馬彩
6497,Consolation,4894/19,2019-01-20,Sun,多多,Household / 户,Sports Toto 多多
6497,Special,168/18,2018-12-09,Sun,山打根馬會,Disguising Oneself / 乔装,Magnum 4D 萬能
6497,Special,168/18,2018-12-09,Sun,山打根馬會,HOUSEHOLD,Damacai 大馬彩
6497,Special,168/18,2018-12-09,Sun,山打根馬會,Household / 户,Sports Toto 多多
6497,Consolation,4021/18,2018-11-14,Wed,砂大萬,Disguising Oneself / 乔装,Magnum 4D 萬能
6497,Consolation,4021/18,2018-11-14,Wed,砂大萬,HOUSEHOLD,Damacai 大馬彩
6497,Consolation,4021/18,2018-11-14,Wed,砂大萬,Household / 户,Sports Toto 多多
6497,Special,4743/18,2018-03-10,Sat,多多,Disguising Oneself / 乔装,Magnum 4D 萬能
6497,Special,4743/18,2018-03-10,Sat,多多,HOUSEHOLD,Damacai 大馬彩
6497,Special,4743/18,2018-03-10,Sat,多多,Household / 户,Sports Toto 多多
6497,Consolation,2764/17,2017-12-13,Wed,沙巴彩,Disguising Oneself / 乔装,Magnum 4D 萬能
6497,Consolation,2764/17,2017-12-13,Wed,沙巴彩,HOUSEHOLD,Damacai 大馬彩
6497,Consolation,2764/17,2017-12-13,Wed,沙巴彩,Household / 户,Sports Toto 多多
6497,Consolation,2538/16,2016-09-04,Sun,沙巴彩,Disguising Oneself / 乔装,Magnum 4D 萬能
6497,Consolation,2538/16,2016-09-04,Sun,沙巴彩,HOUSEHOLD,Damacai 大馬彩
6497,Consolation,2538/16,2016-09-04,Sun,沙巴彩,Household / 户,Sports Toto 多多
6497,Consolation,114/16,2016-08-16,Tue,山打根馬會,Disguising Oneself / 乔装,Magnum 4D 萬能
6497,Consolation,114/16,2016-08-16,Tue,山打根馬會,HOUSEHOLD,Damacai 大馬彩
6497,Consolation,114/16,2016-08-16,Tue,山打根馬會,Household / 户,Sports Toto 多多
6497,Special,3941,2016-04-23,Sat,星池,Disguising Oneself / 乔装,Magnum 4D 萬能
6497,Special,3941,2016-04-23,Sat,星池,HOUSEHOLD,Damacai 大馬彩
6497,Special,3941,2016-04-23,Sat,星池,Household / 户,Sports Toto 多多
6497,Consolation,020/16,2016-02-07,Sun,山打根馬會,Disguising Oneself / 乔装,Magnum 4D 萬能
6497,Consolation,020/16,2016-02-07,Sun,山打根馬會,HOUSEHOLD,Damacai 大馬彩
6497,Consolation,020/16,2016-02-07,Sun,山打根馬會,Household / 户,Sports Toto 多多
6497,Special,4268/15,2015-11-03,Tue,大馬彩,Disguising Oneself / 乔装,Magnum 4D 萬能
6497,Special,4268/15,2015-11-03,Tue,大馬彩,HOUSEHOLD,Damacai 大馬彩
6497,Special,4268/15,2015-11-03,Tue,大馬彩,Household / 户,Sports Toto 多多
6497,Special,490/15,2015-07-15,Wed,萬能,Disguising Oneself / 乔装,Magnum 4D 萬能
6497,Special,490/15,2015-07-15,Wed,萬能,HOUSEHOLD,Damacai 大馬彩
6497,Special,490/15,2015-07-15,Wed,萬能,Household / 户,Sports Toto 多多
6497,Consolation,4090/14,2014-07-19,Sat,多多,Disguising Oneself / 乔装,Magnum 4D 萬能
6497,Consolation,4090/14,2014-07-19,Sat,多多,HOUSEHOLD,Damacai 大馬彩
6497,Consolation,4090/14,2014-07-19,Sat,多多,Household / 户,Sports Toto 多多
6497,Consolation,3168/14,2014-02-02,Sun,砂大萬,Disguising Oneself / 乔装,Magnum 4D 萬能
6497,Consolation,3168/14,2014-02-02,Sun,砂大萬,HOUSEHOLD,Damacai 大馬彩
6497,Consolation,3168/14,2014-02-02,Sun,砂大萬,Household / 户,Sports Toto 多多
6497,Consolation,3582,2014-01-05,Sun,星池,Disguising Oneself / 乔装,Magnum 4D 萬能
6497,Consolation,3582,2014-01-05,Sun,星池,HOUSEHOLD,Damacai 大馬彩
6497,Consolation,3582,2014-01-05,Sun,星池,Household / 户,Sports Toto 多多
6497,Consolation,3114/13,2013-10-16,Wed,砂大萬,Disguising Oneself / 乔装,Magnum 4D 萬能
6497,Consolation,3114/13,2013-10-16,Wed,砂大萬,HOUSEHOLD,Damacai 大馬彩
6497,Consolation,3114/13,2013-10-16,Wed,砂大萬,Household / 户,Sports Toto 多多
6497,1ST,3110/13,2013-10-06,Sun,砂大萬,Disguising Oneself / 乔装,Magnum 4D 萬能
6497,1ST,3110/13,2013-10-06,Sun,砂大萬,HOUSEHOLD,Damacai 大馬彩
6497,1ST,3110/13,2013-10-06,Sun,砂大萬,Household / 户,Sports Toto 多多
6497,Special,160/13,2013-09-07,Sat,萬能,Disguising Oneself / 乔装,Magnum 4D 萬能
6497,Special,160/13,2013-09-07,Sat,萬能,HOUSEHOLD,Damacai 大馬彩
6497,Special,160/13,2013-09-07,Sat,萬能,Household / 户,Sports Toto 多多
6497,Consolation,3845/13,2013-06-19,Wed,大馬彩,Disguising Oneself / 乔装,Magnum 4D 萬能
6497,Consolation,3845/13,2013-06-19,Wed,大馬彩,HOUSEHOLD,Damacai 大馬彩
6497,Consolation,3845/13,2013-06-19,Wed,大馬彩,Household / 户,Sports Toto 多多
6497,3RD,3030/13,2013-04-24,Wed,砂大萬,Disguising Oneself / 乔装,Magnum 4D 萬能
6497,3RD,3030/13,2013-04-24,Wed,砂大萬,HOUSEHOLD,Damacai 大馬彩
6497,3RD,3030/13,2013-04-24,Wed,砂大萬,Household / 户,Sports Toto 多多
6497,Special,3839/13,2013-02-17,Sun,多多,Disguising Oneself / 乔装,Magnum 4D 萬能
6497,Special,3839/13,2013-02-17,Sun,多多,HOUSEHOLD,Damacai 大馬彩
6497,Special,3839/13,2013-02-17,Sun,多多,Household / 户,Sports Toto 多多
6497,Special,3712/12,2012-09-22,Sat,大馬彩,Disguising Oneself / 乔装,Magnum 4D 萬能
6497,Special,3712/12,2012-09-22,Sat,大馬彩,HOUSEHOLD,Damacai 大馬彩
6497,Special,3712/12,2012-09-22,Sat,大馬彩,Household / 户,Sports Toto 多多
6497,Special,917/12,2012-04-29,Sun,萬能,Disguising Oneself / 乔装,Magnum 4D 萬能
6497,Special,917/12,2012-04-29,Sun,萬能,HOUSEHOLD,Damacai 大馬彩
6497,Special,917/12,2012-04-29,Sun,萬能,Household / 户,Sports Toto 多多
6497,3RD,2727/11,2011-08-14,Sun,砂大萬,Disguising Oneself / 乔装,Magnum 4D 萬能
6497,3RD,2727/11,2011-08-14,Sun,砂大萬,HOUSEHOLD,Damacai 大馬彩
6497,3RD,2727/11,2011-08-14,Sun,砂大萬,Household / 户,Sports Toto 多多
6497,Special,786/11,2011-08-06,Sat,萬能,Disguising Oneself / 乔装,Magnum 4D 萬能
6497,Special,786/11,2011-08-06,Sat,萬能,HOUSEHOLD,Damacai 大馬彩
6497,Special,786/11,2011-08-06,Sat,萬能,Household / 户,Sports Toto 多多
6497,Consolation,774/11,2011-07-09,Sat,萬能,Disguising Oneself / 乔装,Magnum 4D 萬能
6497,Consolation,774/11,2011-07-09,Sat,萬能,HOUSEHOLD,Damacai 大馬彩
6497,Consolation,774/11,2011-07-09,Sat,萬能,Household / 户,Sports Toto 多多
6497,Consolation,60/10,2010-05-01,Sat,山打根馬會,Disguising Oneself / 乔装,Magnum 4D 萬能
6497,Consolation,60/10,2010-05-01,Sat,山打根馬會,HOUSEHOLD,Damacai 大馬彩
6497,Consolation,60/10,2010-05-01,Sat,山打根馬會,Household / 户,Sports Toto 多多
6497,Special,3276/10,2010-04-04,Sun,大馬彩,Disguising Oneself / 乔装,Magnum 4D 萬能
6497,Special,3276/10,2010-04-04,Sun,大馬彩,HOUSEHOLD,Damacai 大馬彩
6497,Special,3276/10,2010-04-04,Sun,大馬彩,Household / 户,Sports Toto 多多
6497,Special,434/09,2009-08-12,Wed,萬能,Disguising Oneself / 乔装,Magnum 4D 萬能
6497,Special,434/09,2009-08-12,Wed,萬能,HOUSEHOLD,Damacai 大馬彩
6497,Special,434/09,2009-08-12,Wed,萬能,Household / 户,Sports Toto 多多
6497,Consolation,2887/2009,2009-07-29,Wed,星池,Disguising Oneself / 乔装,Magnum 4D 萬能
6497,Consolation,2887/2009,2009-07-29,Wed,星池,HOUSEHOLD,Damacai 大馬彩
6497,Consolation,2887/2009,2009-07-29,Wed,星池,Household / 户,Sports Toto 多多
6497,Special,077/09,2009-06-13,Sat,山打根馬會,Disguising Oneself / 乔装,Magnum 4D 萬能
6497,Special,077/09,2009-06-13,Sat,山打根馬會,HOUSEHOLD,Damacai 大馬彩
6497,Special,077/09,2009-06-13,Sat,山打根馬會,Household / 户,Sports Toto 多多
6497,Special,2305/09,2009-03-22,Sun,砂大萬,Disguising Oneself / 乔装,Magnum 4D 萬能
6497,Special,2305/09,2009-03-22,Sun,砂大萬,HOUSEHOLD,Damacai 大馬彩
6497,Special,2305/09,2009-03-22,Sun,砂大萬,Household / 户,Sports Toto 多多
6497,Special,2199/08,2008-08-03,Sun,砂大萬,Disguising Oneself / 乔装,Magnum 4D 萬能
6497,Special,2199/08,2008-08-03,Sun,砂大萬,HOUSEHOLD,Damacai 大馬彩
6497,Special,2199/08,2008-08-03,Sun,砂大萬,Household / 户,Sports Toto 多多
6497,Consolation,2925/08,2008-03-12,Wed,大馬彩,Disguising Oneself / 乔装,Magnum 4D 萬能
6497,Consolation,2925/08,2008-03-12,Wed,大馬彩,HOUSEHOLD,Damacai 大馬彩
6497,Consolation,2925/08,2008-03-12,Wed,大馬彩,Household / 户,Sports Toto 多多
6497,Consolation,196/08,2008-03-02,Sun,萬能,Disguising Oneself / 乔装,Magnum 4D 萬能
6497,Consolation,196/08,2008-03-02,Sun,萬能,HOUSEHOLD,Damacai 大馬彩
6497,Consolation,196/08,2008-03-02,Sun,萬能,Household / 户,Sports Toto 多多
6497,Special,1990/07,2007-04-22,Sun,砂大萬,Disguising Oneself / 乔装,Magnum 4D 萬能
6497,Special,1990/07,2007-04-22,Sun,砂大萬,HOUSEHOLD,Damacai 大馬彩
6497,Special,1990/07,2007-04-22,Sun,砂大萬,Household / 户,Sports Toto 多多
6497,Consolation,013/07,2007-01-30,Tue,萬能,Disguising Oneself / 乔装,Magnum 4D 萬能
6497,Consolation,013/07,2007-01-30,Tue,萬能,HOUSEHOLD,Damacai 大馬彩
6497,Consolation,013/07,2007-01-30,Tue,萬能,Household / 户,Sports Toto 多多
6497,Consolation,2772/06,2006-12-17,Sun,多多,Disguising Oneself / 乔装,Magnum 4D 萬能
6497,Consolation,2772/06,2006-12-17,Sun,多多,HOUSEHOLD,Damacai 大馬彩
6497,Consolation,2772/06,2006-12-17,Sun,多多,Household / 户,Sports Toto 多多
6497,Consolation,806/06,2006-10-11,Wed,沙巴彩,Disguising Oneself / 乔装,Magnum 4D 萬能
6497,Consolation,806/06,2006-10-11,Wed,沙巴彩,HOUSEHOLD,Damacai 大馬彩
6497,Consolation,806/06,2006-10-11,Wed,沙巴彩,Household / 户,Sports Toto 多多
6497,Consolation,1767/05,2005-12-28,Wed,砂大萬,Disguising Oneself / 乔装,Magnum 4D 萬能
6497,Consolation,1767/05,2005-12-28,Wed,砂大萬,HOUSEHOLD,Damacai 大馬彩
6497,Consolation,1767/05,2005-12-28,Wed,砂大萬,Household / 户,Sports Toto 多多
6497,1ST,2503/05,2005-09-07,Wed,大馬彩,Disguising Oneself / 乔装,Magnum 4D 萬能
6497,1ST,2503/05,2005-09-07,Wed,大馬彩,HOUSEHOLD,Damacai 大馬彩
6497,1ST,2503/05,2005-09-07,Wed,大馬彩,Household / 户,Sports Toto 多多
6497,Special,2479/05,2005-07-20,Wed,大馬彩,Disguising Oneself / 乔装,Magnum 4D 萬能
6497,Special,2479/05,2005-07-20,Wed,大馬彩,HOUSEHOLD,Damacai 大馬彩
6497,Special,2479/05,2005-07-20,Wed,大馬彩,Household / 户,Sports Toto 多多
6497,Consolation,382/04,2004-04-06,Tue,沙巴彩,Disguising Oneself / 乔装,Magnum 4D 萬能
6497,Consolation,382/04,2004-04-06,Tue,沙巴彩,HOUSEHOLD,Damacai 大馬彩
6497,Consolation,382/04,2004-04-06,Tue,沙巴彩,Household / 户,Sports Toto 多多
6497,Special,298/03,2003-10-04,Sat,沙巴彩,Disguising Oneself / 乔装,Magnum 4D 萬能
6497,Special,298/03,2003-10-04,Sat,沙巴彩,HOUSEHOLD,Damacai 大馬彩
6497,Special,298/03,2003-10-04,Sat,沙巴彩,Household / 户,Sports Toto 多多
6497,Special,266/03,2003-07-23,Wed,沙巴彩,Disguising Oneself / 乔装,Magnum 4D 萬能
6497,Special,266/03,2003-07-23,Wed,沙巴彩,HOUSEHOLD,Damacai 大馬彩
6497,Special,266/03,2003-07-23,Wed,沙巴彩,Household / 户,Sports Toto 多多
6497,Consolation,1900/2003,2003-04-09,Wed,星池,Disguising Oneself / 乔装,Magnum 4D 萬能
6497,Consolation,1900/2003,2003-04-09,Wed,星池,HOUSEHOLD,Damacai 大馬彩
6497,Consolation,1900/2003,2003-04-09,Wed,星池,Household / 户,Sports Toto 多多
6497,Special,1274/03,2003-01-15,Wed,砂大萬,Disguising Oneself / 乔装,Magnum 4D 萬能
6497,Special,1274/03,2003-01-15,Wed,砂大萬,HOUSEHOLD,Damacai 大馬彩
6497,Special,1274/03,2003-01-15,Wed,砂大萬,Household / 户,Sports Toto 多多
6497,Consolation,156/02,2002-12-29,Sun,萬能,Disguising Oneself / 乔装,Magnum 4D 萬能
6497,Consolation,156/02,2002-12-29,Sun,萬能,HOUSEHOLD,Damacai 大馬彩
6497,Consolation,156/02,2002-12-29,Sun,萬能,Household / 户,Sports Toto 多多
6497,3RD,1848/2002,2002-12-08,Sun,星池,Disguising Oneself / 乔装,Magnum 4D 萬能
6497,3RD,1848/2002,2002-12-08,Sun,星池,HOUSEHOLD,Damacai 大馬彩
6497,3RD,1848/2002,2002-12-08,Sun,星池,Household / 户,Sports Toto 多多
6497,Consolation,1777/2002,2002-06-26,Wed,星池,Disguising Oneself / 乔装,Magnum 4D 萬能
6497,Consolation,1777/2002,2002-06-26,Wed,星池,HOUSEHOLD,Damacai 大馬彩
6497,Consolation,1777/2002,2002-06-26,Wed,星池,Household / 户,Sports Toto 多多
6497,Consolation,1688/2001,2001-12-01,Sat,星池,Disguising Oneself / 乔装,Magnum 4D 萬能
6497,Consolation,1688/2001,2001-12-01,Sat,星池,HOUSEHOLD,Damacai 大馬彩
6497,Consolation,1688/2001,2001-12-01,Sat,星池,Household / 户,Sports Toto 多多
6497,Special,0981/01,2001-04-08,Sun,砂大萬,Disguising Oneself / 乔装,Magnum 4D 萬能
6497,Special,0981/01,2001-04-08,Sun,砂大萬,HOUSEHOLD,Damacai 大馬彩
6497,Special,0981/01,2001-04-08,Sun,砂大萬,Household / 户,Sports Toto 多多
6497,Special,43/2001,2001-04-07,Sat,山打根馬會,Disguising Oneself / 乔装,Magnum 4D 萬能
6497,Special,43/2001,2001-04-07,Sat,山打根馬會,HOUSEHOLD,Damacai 大馬彩
6497,Special,43/2001,2001-04-07,Sat,山打根馬會,Household / 户,Sports Toto 多多
6497,1ST,1767/01,2001-04-03,Tue,大馬彩,Disguising Oneself / 乔装,Magnum 4D 萬能
6497,1ST,1767/01,2001-04-03,Tue,大馬彩,HOUSEHOLD,Damacai 大馬彩
6497,1ST,1767/01,2001-04-03,Tue,大馬彩,Household / 户,Sports Toto 多多
6497,Consolation,14/2001,2001-01-31,Wed,山打根馬會,Disguising Oneself / 乔装,Magnum 4D 萬能
6497,Consolation,14/2001,2001-01-31,Wed,山打根馬會,HOUSEHOLD,Damacai 大馬彩
6497,Consolation,14/2001,2001-01-31,Wed,山打根馬會,Household / 户,Sports Toto 多多
6497,Special,0921/00,2000-11-26,Sun,砂大萬,Disguising Oneself / 乔装,Magnum 4D 萬能
6497,Special,0921/00,2000-11-26,Sun,砂大萬,HOUSEHOLD,Damacai 大馬彩
6497,Special,0921/00,2000-11-26,Sun,砂大萬,Household / 户,Sports Toto 多多
6497,Special,0899/00,2000-10-08,Sun,砂大萬,Disguising Oneself / 乔装,Magnum 4D 萬能
6497,Special,0899/00,2000-10-08,Sun,砂大萬,HOUSEHOLD,Damacai 大馬彩
6497,Special,0899/00,2000-10-08,Sun,砂大萬,Household / 户,Sports Toto 多多
6497,Special,1479/2000,2000-07-29,Sat,星池,Disguising Oneself / 乔装,Magnum 4D 萬能
6497,Special,1479/2000,2000-07-29,Sat,星池,HOUSEHOLD,Damacai 大馬彩
6497,Special,1479/2000,2000-07-29,Sat,星池,Household / 户,Sports Toto 多多
6497,Consolation,1623/00,2000-05-17,Wed,大馬彩,Disguising Oneself / 乔装,Magnum 4D 萬能
6497,Consolation,1623/00,2000-05-17,Wed,大馬彩,HOUSEHOLD,Damacai 大馬彩
6497,Consolation,1623/00,2000-05-17,Wed,大馬彩,Household / 户,Sports Toto 多多
6497,1ST,047/00,2000-04-16,Sun,萬能,Disguising Oneself / 乔装,Magnum 4D 萬能
6497,1ST,047/00,2000-04-16,Sun,萬能,HOUSEHOLD,Damacai 大馬彩
6497,1ST,047/00,2000-04-16,Sun,萬能,Household / 户,Sports Toto 多多
6497,Consolation,1606/00,2000-04-08,Sat,大馬彩,Disguising Oneself / 乔装,Magnum 4D 萬能
6497,Consolation,1606/00,2000-04-08,Sat,大馬彩,HOUSEHOLD,Damacai 大馬彩
6497,Consolation,1606/00,2000-04-08,Sat,大馬彩,Household / 户,Sports Toto 多多
6497,Consolation,D19990905,1999-09-05,Sun,星池,Disguising Oneself / 乔装,Magnum 4D 萬能
6497,Consolation,D19990905,1999-09-05,Sun,星池,HOUSEHOLD,Damacai 大馬彩
6497,Consolation,D19990905,1999-09-05,Sun,星池,Household / 户,Sports Toto 多多
6497,Consolation,1251/97,1997-09-24,Wed,多多,Disguising Oneself / 乔装,Magnum 4D 萬能
6497,Consolation,1251/97,1997-09-24,Wed,多多,HOUSEHOLD,Damacai 大馬彩
6497,Consolation,1251/97,1997-09-24,Wed,多多,Household / 户,Sports Toto 多多
6497,Special,0403/97,1997-09-10,Wed,砂大萬,Disguising Oneself / 乔装,Magnum 4D 萬能
6497,Special,0403/97,1997-09-10,Wed,砂大萬,HOUSEHOLD,Damacai 大馬彩
6497,Special,0403/97,1997-09-10,Wed,砂大萬,Household / 户,Sports Toto 多多
6497,Special,0355/97,1997-05-21,Wed,砂大萬,Disguising Oneself / 乔装,Magnum 4D 萬能
6497,Special,0355/97,1997-05-21,Wed,砂大萬,HOUSEHOLD,Damacai 大馬彩
6497,Special,0355/97,1997-05-21,Wed,砂大萬,Household / 户,Sports Toto 多多
6497,3RD,3/1997,1997-01-05,Sun,山打根馬會,Disguising Oneself / 乔装,Magnum 4D 萬能
6497,3RD,3/1997,1997-01-05,Sun,山打根馬會,HOUSEHOLD,Damacai 大馬彩
6497,3RD,3/1997,1997-01-05,Sun,山打根馬會,Household / 户,Sports Toto 多多
6497,Consolation,967/95,1995-12-02,Sat,多多,Disguising Oneself / 乔装,Magnum 4D 萬能
6497,Consolation,967/95,1995-12-02,Sat,多多,HOUSEHOLD,Damacai 大馬彩
6497,Consolation,967/95,1995-12-02,Sat,多多,Household / 户,Sports Toto 多多
6497,Special,911/95,1995-07-23,Sun,多多,Disguising Oneself / 乔装,Magnum 4D 萬能
6497,Special,911/95,1995-07-23,Sun,多多,HOUSEHOLD,Damacai 大馬彩
6497,Special,911/95,1995-07-23,Sun,多多,Household / 户,Sports Toto 多多
6497,Consolation,836/95,1995-01-29,Sun,多多,Disguising Oneself / 乔装,Magnum 4D 萬能
6497,Consolation,836/95,1995-01-29,Sun,多多,HOUSEHOLD,Damacai 大馬彩
6497,Consolation,836/95,1995-01-29,Sun,多多,Household / 户,Sports Toto 多多
6497,2ND,D19930731,1993-07-31,Sat,星池,Disguising Oneself / 乔装,Magnum 4D 萬能
6497,2ND,D19930731,1993-07-31,Sat,星池,HOUSEHOLD,Damacai 大馬彩
6497,2ND,D19930731,1993-07-31,Sat,星池,Household / 户,Sports Toto 多多
6497,Consolation,0497/93,1993-04-03,Sat,大馬彩,Disguising Oneself / 乔装,Magnum 4D 萬能
6497,Consolation,0497/93,1993-04-03,Sat,大馬彩,HOUSEHOLD,Damacai 大馬彩
6497,Consolation,0497/93,1993-04-03,Sat,大馬彩,Household / 户,Sports Toto 多多
6497,Consolation,086/92,1992-07-18,Sat,萬能,Disguising Oneself / 乔装,Magnum 4D 萬能
6497,Consolation,086/92,1992-07-18,Sat,萬能,HOUSEHOLD,Damacai 大馬彩
6497,Consolation,086/92,1992-07-18,Sat,萬能,Household / 户,Sports Toto 多多
6497,Special,038/92,1992-03-28,Sat,萬能,Disguising Oneself / 乔装,Magnum 4D 萬能
6497,Special,038/92,1992-03-28,Sat,萬能,HOUSEHOLD,Damacai 大馬彩
6497,Special,038/92,1992-03-28,Sat,萬能,Household / 户,Sports Toto 多多
6497,Special,0180/91,1991-03-24,Sun,大馬彩,Disguising Oneself / 乔装,Magnum 4D 萬能
6497,Special,0180/91,1991-03-24,Sun,大馬彩,HOUSEHOLD,Damacai 大馬彩
6497,Special,0180/91,1991-03-24,Sun,大馬彩,Household / 户,Sports Toto 多多
6497,Special,D19890129,1989-01-29,Sun,星池,Disguising Oneself / 乔装,Magnum 4D 萬能
6497,Special,D19890129,1989-01-29,Sun,星池,HOUSEHOLD,Damacai 大馬彩
6497,Special,D19890129,1989-01-29,Sun,星池,Household / 户,Sports Toto 多多
6497,Special,089/86,1986-07-26,Sat,萬能,Disguising Oneself / 乔装,Magnum 4D 萬能
6497,Special,089/86,1986-07-26,Sat,萬能,HOUSEHOLD,Damacai 大馬彩
6497,Special,089/86,1986-07-26,Sat,萬能,Household / 户,Sports Toto 多多
6497,Special,082/86,1986-07-10,Thu,萬能,Disguising Oneself / 乔装,Magnum 4D 萬能
6497,Special,082/86,1986-07-10,Thu,萬能,HOUSEHOLD,Damacai 大馬彩
6497,Special,082/86,1986-07-10,Thu,萬能,Household / 户,Sports Toto 多多
6497,Consolation,060/86,1986-05-18,Sun,萬能,Disguising Oneself / 乔装,Magnum 4D 萬能
6497,Consolation,060/86,1986-05-18,Sun,萬能,HOUSEHOLD,Damacai 大馬彩
6497,Consolation,060/86,1986-05-18,Sun,萬能,Household / 户,Sports Toto 多多
