开彩日期,开彩日,彩号,秦庄,彩金,抽奖,图译,秦典
2023-02-26,Sun,7168,大馬彩,安慰奖,5549/23,Lady Diana / 戴安娜王妃,Magnum 4D 萬能
2023-02-26,Sun,7168,大馬彩,安慰奖,5549/23,PROPERTY AUCTION,Damacai 大馬彩
2023-02-26,Sun,7168,大馬彩,安慰奖,5549/23,Sickle / 镰刀,Sports Toto 多多
2022-12-27,Tue,7168,萬能,特别奖,809/22,Lady Diana / 戴安娜王妃,Magnum 4D 萬能
2022-12-27,Tue,7168,萬能,特别奖,809/22,PROPERTY AUCTION,Damacai 大馬彩
2022-12-27,Tue,7168,萬能,特别奖,809/22,Sickle / 镰刀,Sports Toto 多多
2022-12-10,Sat,7168,山打根馬會,特别奖,168/22,Lady Diana / 戴安娜王妃,Magnum 4D 萬能
2022-12-10,Sat,7168,山打根馬會,特别奖,168/22,PROPERTY AUCTION,Damacai 大馬彩
2022-12-10,Sat,7168,山打根馬會,特别奖,168/22,Sickle / 镰刀,Sports Toto 多多
2022-11-22,Tue,7168,砂大萬,特别奖,4713/22,Lady Diana / 戴安娜王妃,Magnum 4D 萬能
2022-11-22,Tue,7168,砂大萬,特别奖,4713/22,PROPERTY AUCTION,Damacai 大馬彩
2022-11-22,Tue,7168,砂大萬,特别奖,4713/22,Sickle / 镰刀,Sports Toto 多多
2022-08-07,Sun,7168,沙巴彩,安慰奖,3567/22,Lady Diana / 戴安娜王妃,Magnum 4D 萬能
2022-08-07,Sun,7168,沙巴彩,安慰奖,3567/22,PROPERTY AUCTION,Damacai 大馬彩
2022-08-07,Sun,7168,沙巴彩,安慰奖,3567/22,Sickle / 镰刀,Sports Toto 多多
2022-02-26,Sat,7168,萬能,安慰奖,660/22,Lady Diana / 戴安娜王妃,Magnum 4D 萬能
2022-02-26,Sat,7168,萬能,安慰奖,660/22,PROPERTY AUCTION,Damacai 大馬彩
2022-02-26,Sat,7168,萬能,安慰奖,660/22,Sickle / 镰刀,Sports Toto 多多
2022-01-25,Tue,7168,大馬彩,安慰奖,5355/22,Lady Diana / 戴安娜王妃,Magnum 4D 萬能
2022-01-25,Tue,7168,大馬彩,安慰奖,5355/22,PROPERTY AUCTION,Damacai 大馬彩
2022-01-25,Tue,7168,大馬彩,安慰奖,5355/22,Sickle / 镰刀,Sports Toto 多多
2022-01-08,Sat,7168,大馬彩,安慰奖,5347/22,Lady Diana / 戴安娜王妃,Magnum 4D 萬能
2022-01-08,Sat,7168,大馬彩,安慰奖,5347/22,PROPERTY AUCTION,Damacai 大馬彩
2022-01-08,Sat,7168,大馬彩,安慰奖,5347/22,Sickle / 镰刀,Sports Toto 多多
2021-03-17,Wed,7168,大馬彩,安慰奖,5203/21,Lady Diana / 戴安娜王妃,Magnum 4D 萬能
2021-03-17,Wed,7168,大馬彩,安慰奖,5203/21,PROPERTY AUCTION,Damacai 大馬彩
2021-03-17,Wed,7168,大馬彩,安慰奖,5203/21,Sickle / 镰刀,Sports Toto 多多
2019-12-29,Sun,7168,多多,安慰奖,5052/19,Lady Diana / 戴安娜王妃,Magnum 4D 萬能
2019-12-29,Sun,7168,多多,安慰奖,5052/19,PROPERTY AUCTION,Damacai 大馬彩
2019-12-29,Sun,7168,多多,安慰奖,5052/19,Sickle / 镰刀,Sports Toto 多多
2019-11-10,Sun,7168,沙巴彩,特别奖,3096/19,Lady Diana / 戴安娜王妃,Magnum 4D 萬能
2019-11-10,Sun,7168,沙巴彩,特别奖,3096/19,PROPERTY AUCTION,Damacai 大馬彩
2019-11-10,Sun,7168,沙巴彩,特别奖,3096/19,Sickle / 镰刀,Sports Toto 多多
2019-05-18,Sat,7168,萬能,特别奖,184/19,Lady Diana / 戴安娜王妃,Magnum 4D 萬能
2019-05-18,Sat,7168,萬能,特别奖,184/19,PROPERTY AUCTION,Damacai 大馬彩
2019-05-18,Sat,7168,萬能,特别奖,184/19,Sickle / 镰刀,Sports Toto 多多
2019-05-18,Sat,7168,大馬彩,首奖,4895/19,Lady Diana / 戴安娜王妃,Magnum 4D 萬能
2019-05-18,Sat,7168,大馬彩,首奖,4895/19,PROPERTY AUCTION,Damacai 大馬彩
2019-05-18,Sat,7168,大馬彩,首奖,4895/19,Sickle / 镰刀,Sports Toto 多多
2019-02-24,Sun,7168,沙巴彩,首奖,2978/19,Lady Diana / 戴安娜王妃,Magnum 4D 萬能
2019-02-24,Sun,7168,沙巴彩,首奖,2978/19,PROPERTY AUCTION,Damacai 大馬彩
2019-02-24,Sun,7168,沙巴彩,首奖,2978/19,Sickle / 镰刀,Sports Toto 多多
2018-12-09,Sun,7168,多多,二奖,4875/18,Lady Diana / 戴安娜王妃,Magnum 4D 萬能
2018-12-09,Sun,7168,多多,二奖,4875/18,PROPERTY AUCTION,Damacai 大馬彩
2018-12-09,Sun,7168,多多,二奖,4875/18,Sickle / 镰刀,Sports Toto 多多
2018-08-28,Tue,7168,砂大萬,安慰奖,3982/18,Lady Diana / 戴安娜王妃,Magnum 4D 萬能
2018-08-28,Tue,7168,砂大萬,安慰奖,3982/18,PROPERTY AUCTION,Damacai 大馬彩
2018-08-28,Tue,7168,砂大萬,安慰奖,3982/18,Sickle / 镰刀,Sports Toto 多多
2018-01-30,Tue,7168,砂大萬,特别奖,3880/18,Lady Diana / 戴安娜王妃,Magnum 4D 萬能
2018-01-30,Tue,7168,砂大萬,特别奖,3880/18,PROPERTY AUCTION,Damacai 大馬彩
2018-01-30,Tue,7168,砂大萬,特别奖,3880/18,Sickle / 镰刀,Sports Toto 多多
2017-07-01,Sat,7168,砂大萬,特别奖,3775/17,Lady Diana / 戴安娜王妃,Magnum 4D 萬能
2017-07-01,Sat,7168,砂大萬,特别奖,3775/17,PROPERTY AUCTION,Damacai 大馬彩
2017-07-01,Sat,7168,砂大萬,特别奖,3775/17,Sickle / 镰刀,Sports Toto 多多
2017-06-14,Wed,7168,沙巴彩,特别奖,2675/17,Lady Diana / 戴安娜王妃,Magnum 4D 萬能
2017-06-14,Wed,7168,沙巴彩,特别奖,2675/17,PROPERTY AUCTION,Damacai 大馬彩
2017-06-14,Wed,7168,沙巴彩,特别奖,2675/17,Sickle / 镰刀,Sports Toto 多多
2017-05-28,Sun,7168,多多,安慰奖,4602/17,Lady Diana / 戴安娜王妃,Magnum 4D 萬能
2017-05-28,Sun,7168,多多,安慰奖,4602/17,PROPERTY AUCTION,Damacai 大馬彩
2017-05-28,Sun,7168,多多,安慰奖,4602/17,Sickle / 镰刀,Sports Toto 多多
2017-05-17,Wed,7168,多多,安慰奖,4597/17,Lady Diana / 戴安娜王妃,Magnum 4D 萬能
2017-05-17,Wed,7168,多多,安慰奖,4597/17,PROPERTY AUCTION,Damacai 大馬彩
2017-05-17,Wed,7168,多多,安慰奖,4597/17,Sickle / 镰刀,Sports Toto 多多
2016-09-04,Sun,7168,多多,特别奖,4470/16,Lady Diana / 戴安娜王妃,Magnum 4D 萬能
2016-09-04,Sun,7168,多多,特别奖,4470/16,PROPERTY AUCTION,Damacai 大馬彩
2016-09-04,Sun,7168,多多,特别奖,4470/16,Sickle / 镰刀,Sports Toto 多多
2016-08-31,Wed,7168,山打根馬會,特别奖,121/16,Lady Diana / 戴安娜王妃,Magnum 4D 萬能
2016-08-31,Wed,7168,山打根馬會,特别奖,121/16,PROPERTY AUCTION,Damacai 大馬彩
2016-08-31,Wed,7168,山打根馬會,特别奖,121/16,Sickle / 镰刀,Sports Toto 多多
2016-07-27,Wed,7168,沙巴彩,安慰奖,2519/16,Lady Diana / 戴安娜王妃,Magnum 4D 萬能
2016-07-27,Wed,7168,沙巴彩,安慰奖,2519/16,PROPERTY AUCTION,Damacai 大馬彩
2016-07-27,Wed,7168,沙巴彩,安慰奖,2519/16,Sickle / 镰刀,Sports Toto 多多
2016-05-25,Wed,7168,砂大萬,特别奖,3581/16,Lady Diana / 戴安娜王妃,Magnum 4D 萬能
2016-05-25,Wed,7168,砂大萬,特别奖,3581/16,PROPERTY AUCTION,Damacai 大馬彩
2016-05-25,Wed,7168,砂大萬,特别奖,3581/16,Sickle / 镰刀,Sports Toto 多多
2016-04-24,Sun,7168,沙巴彩,安慰奖,2475/16,Lady Diana / 戴安娜王妃,Magnum 4D 萬能
2016-04-24,Sun,7168,沙巴彩,安慰奖,2475/16,PROPERTY AUCTION,Damacai 大馬彩
2016-04-24,Sun,7168,沙巴彩,安慰奖,2475/16,Sickle / 镰刀,Sports Toto 多多
2015-07-05,Sun,7168,沙巴彩,安慰奖,2330/15,Lady Diana / 戴安娜王妃,Magnum 4D 萬能
2015-07-05,Sun,7168,沙巴彩,安慰奖,2330/15,PROPERTY AUCTION,Damacai 大馬彩
2015-07-05,Sun,7168,沙巴彩,安慰奖,2330/15,Sickle / 镰刀,Sports Toto 多多
2015-05-02,Sat,7168,山打根馬會,安慰奖,62/15,Lady Diana / 戴安娜王妃,Magnum 4D 萬能
2015-05-02,Sat,7168,山打根馬會,安慰奖,62/15,PROPERTY AUCTION,Damacai 大馬彩
2015-05-02,Sat,7168,山打根馬會,安慰奖,62/15,Sickle / 镰刀,Sports Toto 多多
2015-03-29,Sun,7168,山打根馬會,首奖,46/15,Lady Diana / 戴安娜王妃,Magnum 4D 萬能
2015-03-29,Sun,7168,山打根馬會,首奖,46/15,PROPERTY AUCTION,Damacai 大馬彩
2015-03-29,Sun,7168,山打根馬會,首奖,46/15,Sickle / 镰刀,Sports Toto 多多
2014-10-28,Tue,7168,多多,特别奖,4139/14,Lady Diana / 戴安娜王妃,Magnum 4D 萬能
2014-10-28,Tue,7168,多多,特别奖,4139/14,PROPERTY AUCTION,Damacai 大馬彩
2014-10-28,Tue,7168,多多,特别奖,4139/14,Sickle / 镰刀,Sports Toto 多多
2014-08-26,Tue,7168,沙巴彩,特别奖,2176/14,Lady Diana / 戴安娜王妃,Magnum 4D 萬能
2014-08-26,Tue,7168,沙巴彩,特别奖,2176/14,PROPERTY AUCTION,Damacai 大馬彩
2014-08-26,Tue,7168,沙巴彩,特别奖,2176/14,Sickle / 镰刀,Sports Toto 多多
2014-08-09,Sat,7168,山打根馬會,特别奖,109/14,Lady Diana / 戴安娜王妃,Magnum 4D 萬能
2014-08-09,Sat,7168,山打根馬會,特别奖,109/14,PROPERTY AUCTION,Damacai 大馬彩
2014-08-09,Sat,7168,山打根馬會,特别奖,109/14,Sickle / 镰刀,Sports Toto 多多
2014-04-26,Sat,7168,大馬彩,特别奖,3997/14,Lady Diana / 戴安娜王妃,Magnum 4D 萬能
2014-04-26,Sat,7168,大馬彩,特别奖,3997/14,PROPERTY AUCTION,Damacai 大馬彩
2014-04-26,Sat,7168,大馬彩,特别奖,3997/14,Sickle / 镰刀,Sports Toto 多多
2014-04-26,Sat,7168,山打根馬會,特别奖,58/14,Lady Diana / 戴安娜王妃,Magnum 4D 萬能
2014-04-26,Sat,7168,山打根馬會,特别奖,58/14,PROPERTY AUCTION,Damacai 大馬彩
2014-04-26,Sat,7168,山打根馬會,特别奖,58/14,Sickle / 镰刀,Sports Toto 多多
2014-02-01,Sat,7168,多多,安慰奖,4008/14,Lady Diana / 戴安娜王妃,Magnum 4D 萬能
2014-02-01,Sat,7168,多多,安慰奖,4008/14,PROPERTY AUCTION,Damacai 大馬彩
2014-02-01,Sat,7168,多多,安慰奖,4008/14,Sickle / 镰刀,Sports Toto 多多
2013-09-28,Sat,7168,萬能,特别奖,169/13,Lady Diana / 戴安娜王妃,Magnum 4D 萬能
2013-09-28,Sat,7168,萬能,特别奖,169/13,PROPERTY AUCTION,Damacai 大馬彩
2013-09-28,Sat,7168,萬能,特别奖,169/13,Sickle / 镰刀,Sports Toto 多多
2012-01-26,Thu,7168,砂大萬,安慰奖,2808/12,Lady Diana / 戴安娜王妃,Magnum 4D 萬能
2012-01-26,Thu,7168,砂大萬,安慰奖,2808/12,PROPERTY AUCTION,Damacai 大馬彩
2012-01-26,Thu,7168,砂大萬,安慰奖,2808/12,Sickle / 镰刀,Sports Toto 多多
2011-11-27,Sun,7168,星池,特别奖,3252/2011,Lady Diana / 戴安娜王妃,Magnum 4D 萬能
2011-11-27,Sun,7168,星池,特别奖,3252/2011,PROPERTY AUCTION,Damacai 大馬彩
2011-11-27,Sun,7168,星池,特别奖,3252/2011,Sickle / 镰刀,Sports Toto 多多
2011-09-27,Tue,7168,沙巴彩,安慰奖,1654/11,Lady Diana / 戴安娜王妃,Magnum 4D 萬能
2011-09-27,Tue,7168,沙巴彩,安慰奖,1654/11,PROPERTY AUCTION,Damacai 大馬彩
2011-09-27,Tue,7168,沙巴彩,安慰奖,1654/11,Sickle / 镰刀,Sports Toto 多多
2010-12-19,Sun,7168,山打根馬會,特别奖,171/10,Lady Diana / 戴安娜王妃,Magnum 4D 萬能
2010-12-19,Sun,7168,山打根馬會,特别奖,171/10,PROPERTY AUCTION,Damacai 大馬彩
2010-12-19,Sun,7168,山打根馬會,特别奖,171/10,Sickle / 镰刀,Sports Toto 多多
2009-10-31,Sat,7168,萬能,安慰奖,474/09,Lady Diana / 戴安娜王妃,Magnum 4D 萬能
2009-10-31,Sat,7168,萬能,安慰奖,474/09,PROPERTY AUCTION,Damacai 大馬彩
2009-10-31,Sat,7168,萬能,安慰奖,474/09,Sickle / 镰刀,Sports Toto 多多
2009-09-06,Sun,7168,砂大萬,特别奖,2385/09,Lady Diana / 戴安娜王妃,Magnum 4D 萬能
2009-09-06,Sun,7168,砂大萬,特别奖,2385/09,PROPERTY AUCTION,Damacai 大馬彩
2009-09-06,Sun,7168,砂大萬,特别奖,2385/09,Sickle / 镰刀,Sports Toto 多多
2009-05-31,Sun,7168,星池,特别奖,2862/2009,Lady Diana / 戴安娜王妃,Magnum 4D 萬能
2009-05-31,Sun,7168,星池,特别奖,2862/2009,PROPERTY AUCTION,Damacai 大馬彩
2009-05-31,Sun,7168,星池,特别奖,2862/2009,Sickle / 镰刀,Sports Toto 多多
2009-05-03,Sun,7168,沙巴彩,安慰奖,1232/09,Lady Diana / 戴安娜王妃,Magnum 4D 萬能
2009-05-03,Sun,7168,沙巴彩,安慰奖,1232/09,PROPERTY AUCTION,Damacai 大馬彩
2009-05-03,Sun,7168,沙巴彩,安慰奖,1232/09,Sickle / 镰刀,Sports Toto 多多
2009-03-11,Wed,7168,萬能,安慰奖,361/09,Lady Diana / 戴安娜王妃,Magnum 4D 萬能
2009-03-11,Wed,7168,萬能,安慰奖,361/09,PROPERTY AUCTION,Damacai 大馬彩
2009-03-11,Wed,7168,萬能,安慰奖,361/09,Sickle / 镰刀,Sports Toto 多多
2008-01-05,Sat,7168,沙巴彩,安慰奖,1011/08,Lady Diana / 戴安娜王妃,Magnum 4D 萬能
2008-01-05,Sat,7168,沙巴彩,安慰奖,1011/08,PROPERTY AUCTION,Damacai 大馬彩
2008-01-05,Sat,7168,沙巴彩,安慰奖,1011/08,Sickle / 镰刀,Sports Toto 多多
2007-12-18,Tue,7168,砂大萬,特别奖,2100/07,Lady Diana / 戴安娜王妃,Magnum 4D 萬能
2007-12-18,Tue,7168,砂大萬,特别奖,2100/07,PROPERTY AUCTION,Damacai 大馬彩
2007-12-18,Tue,7168,砂大萬,特别奖,2100/07,Sickle / 镰刀,Sports Toto 多多
2006-11-29,Wed,7168,多多,特别奖,2763/06,Lady Diana / 戴安娜王妃,Magnum 4D 萬能
2006-11-29,Wed,7168,多多,特别奖,2763/06,PROPERTY AUCTION,Damacai 大馬彩
2006-11-29,Wed,7168,多多,特别奖,2763/06,Sickle / 镰刀,Sports Toto 多多
2006-07-23,Sun,7168,星池,首奖,2415/2006,Lady Diana / 戴安娜王妃,Magnum 4D 萬能
2006-07-23,Sun,7168,星池,首奖,2415/2006,PROPERTY AUCTION,Damacai 大馬彩
2006-07-23,Sun,7168,星池,首奖,2415/2006,Sickle / 镰刀,Sports Toto 多多
2006-05-09,Tue,7168,多多,特别奖,2670/06,Lady Diana / 戴安娜王妃,Magnum 4D 萬能
2006-05-09,Tue,7168,多多,特别奖,2670/06,PROPERTY AUCTION,Damacai 大馬彩
2006-05-09,Tue,7168,多多,特别奖,2670/06,Sickle / 镰刀,Sports Toto 多多
2005-11-26,Sat,7168,砂大萬,特别奖,1752/05,Lady Diana / 戴安娜王妃,Magnum 4D 萬能
2005-11-26,Sat,7168,砂大萬,特别奖,1752/05,PROPERTY AUCTION,Damacai 大馬彩
2005-11-26,Sat,7168,砂大萬,特别奖,1752/05,Sickle / 镰刀,Sports Toto 多多
2005-07-31,Sun,7168,沙巴彩,特别奖,602/05,Lady Diana / 戴安娜王妃,Magnum 4D 萬能
2005-07-31,Sun,7168,沙巴彩,特别奖,602/05,PROPERTY AUCTION,Damacai 大馬彩
2005-07-31,Sun,7168,沙巴彩,特别奖,602/05,Sickle / 镰刀,Sports Toto 多多
2005-01-23,Sun,7168,多多,特别奖,2446/05,Lady Diana / 戴安娜王妃,Magnum 4D 萬能
2005-01-23,Sun,7168,多多,特别奖,2446/05,PROPERTY AUCTION,Damacai 大馬彩
2005-01-23,Sun,7168,多多,特别奖,2446/05,Sickle / 镰刀,Sports Toto 多多
2004-12-08,Wed,7168,沙巴彩,特别奖,491/04,Lady Diana / 戴安娜王妃,Magnum 4D 萬能
2004-12-08,Wed,7168,沙巴彩,特别奖,491/04,PROPERTY AUCTION,Damacai 大馬彩
2004-12-08,Wed,7168,沙巴彩,特别奖,491/04,Sickle / 镰刀,Sports Toto 多多
2004-11-03,Wed,7168,沙巴彩,特别奖,476/04,Lady Diana / 戴安娜王妃,Magnum 4D 萬能
2004-11-03,Wed,7168,沙巴彩,特别奖,476/04,PROPERTY AUCTION,Damacai 大馬彩
2004-11-03,Wed,7168,沙巴彩,特别奖,476/04,Sickle / 镰刀,Sports Toto 多多
2004-05-12,Wed,7168,星池,安慰奖,2071/2004,Lady Diana / 戴安娜王妃,Magnum 4D 萬能
2004-05-12,Wed,7168,星池,安慰奖,2071/2004,PROPERTY AUCTION,Damacai 大馬彩
2004-05-12,Wed,7168,星池,安慰奖,2071/2004,Sickle / 镰刀,Sports Toto 多多
2003-08-06,Wed,7168,萬能,安慰奖,094/03,Lady Diana / 戴安娜王妃,Magnum 4D 萬能
2003-08-06,Wed,7168,萬能,安慰奖,094/03,PROPERTY AUCTION,Damacai 大馬彩
2003-08-06,Wed,7168,萬能,安慰奖,094/03,Sickle / 镰刀,Sports Toto 多多
2003-07-09,Wed,7168,星池,特别奖,1939/2003,Lady Diana / 戴安娜王妃,Magnum 4D 萬能
2003-07-09,Wed,7168,星池,特别奖,1939/2003,PROPERTY AUCTION,Damacai 大馬彩
2003-07-09,Wed,7168,星池,特别奖,1939/2003,Sickle / 镰刀,Sports Toto 多多
2003-02-22,Sat,7168,萬能,特别奖,023/03,Lady Diana / 戴安娜王妃,Magnum 4D 萬能
2003-02-22,Sat,7168,萬能,特别奖,023/03,PROPERTY AUCTION,Damacai 大馬彩
2003-02-22,Sat,7168,萬能,特别奖,023/03,Sickle / 镰刀,Sports Toto 多多
2002-01-06,Sun,7168,多多,特别奖,1943/02,Lady Diana / 戴安娜王妃,Magnum 4D 萬能
2002-01-06,Sun,7168,多多,特别奖,1943/02,PROPERTY AUCTION,Damacai 大馬彩
2002-01-06,Sun,7168,多多,特别奖,1943/02,Sickle / 镰刀,Sports Toto 多多
2000-12-31,Sun,7168,星池,安慰奖,1545/2000,Lady Diana / 戴安娜王妃,Magnum 4D 萬能
2000-12-31,Sun,7168,星池,安慰奖,1545/2000,PROPERTY AUCTION,Damacai 大馬彩
2000-12-31,Sun,7168,星池,安慰奖,1545/2000,Sickle / 镰刀,Sports Toto 多多
2000-04-09,Sun,7168,山打根馬會,特别奖,45/2000,Lady Diana / 戴安娜王妃,Magnum 4D 萬能
2000-04-09,Sun,7168,山打根馬會,特别奖,45/2000,PROPERTY AUCTION,Damacai 大馬彩
2000-04-09,Sun,7168,山打根馬會,特别奖,45/2000,Sickle / 镰刀,Sports Toto 多多
2000-04-08,Sat,7168,山打根馬會,特别奖,44/2000,Lady Diana / 戴安娜王妃,Magnum 4D 萬能
2000-04-08,Sat,7168,山打根馬會,特别奖,44/2000,PROPERTY AUCTION,Damacai 大馬彩
2000-04-08,Sat,7168,山打根馬會,特别奖,44/2000,Sickle / 镰刀,Sports Toto 多多
1999-06-30,Wed,7168,多多,安慰奖,1533/99,Lady Diana / 戴安娜王妃,Magnum 4D 萬能
1999-06-30,Wed,7168,多多,安慰奖,1533/99,PROPERTY AUCTION,Damacai 大馬彩
1999-06-30,Wed,7168,多多,安慰奖,1533/99,Sickle / 镰刀,Sports Toto 多多
1999-03-14,Sun,7168,星池,安慰奖,D19990314,Lady Diana / 戴安娜王妃,Magnum 4D 萬能
1999-03-14,Sun,7168,星池,安慰奖,D19990314,PROPERTY AUCTION,Damacai 大馬彩
1999-03-14,Sun,7168,星池,安慰奖,D19990314,Sickle / 镰刀,Sports Toto 多多
1998-05-20,Wed,7168,多多,安慰奖,1353/98,Lady Diana / 戴安娜王妃,Magnum 4D 萬能
1998-05-20,Wed,7168,多多,安慰奖,1353/98,PROPERTY AUCTION,Damacai 大馬彩
1998-05-20,Wed,7168,多多,安慰奖,1353/98,Sickle / 镰刀,Sports Toto 多多
1997-05-17,Sat,7168,山打根馬會,安慰奖,59/1997,Lady Diana / 戴安娜王妃,Magnum 4D 萬能
1997-05-17,Sat,7168,山打根馬會,安慰奖,59/1997,PROPERTY AUCTION,Damacai 大馬彩
1997-05-17,Sat,7168,山打根馬會,安慰奖,59/1997,Sickle / 镰刀,Sports Toto 多多
1995-09-06,Wed,7168,多多,安慰奖,930/95,Lady Diana / 戴安娜王妃,Magnum 4D 萬能
1995-09-06,Wed,7168,多多,安慰奖,930/95,PROPERTY AUCTION,Damacai 大馬彩
1995-09-06,Wed,7168,多多,安慰奖,930/95,Sickle / 镰刀,Sports Toto 多多
1994-02-19,Sat,7168,大馬彩,特别奖,0635/94,Lady Diana / 戴安娜王妃,Magnum 4D 萬能
1994-02-19,Sat,7168,大馬彩,特别奖,0635/94,PROPERTY AUCTION,Damacai 大馬彩
1994-02-19,Sat,7168,大馬彩,特别奖,0635/94,Sickle / 镰刀,Sports Toto 多多
1992-11-05,Thu,7168,萬能,三奖,133/92,Lady Diana / 戴安娜王妃,Magnum 4D 萬能
1992-11-05,Thu,7168,萬能,三奖,133/92,PROPERTY AUCTION,Damacai 大馬彩
1992-11-05,Thu,7168,萬能,三奖,133/92,Sickle / 镰刀,Sports Toto 多多
1991-07-07,Sun,7168,大馬彩,特别奖,0225/91,Lady Diana / 戴安娜王妃,Magnum 4D 萬能
1991-07-07,Sun,7168,大馬彩,特别奖,0225/91,PROPERTY AUCTION,Damacai 大馬彩
1991-07-07,Sun,7168,大馬彩,特别奖,0225/91,Sickle / 镰刀,Sports Toto 多多
1990-01-04,Thu,7168,萬能,安慰奖,002/90,Lady Diana / 戴安娜王妃,Magnum 4D 萬能
1990-01-04,Thu,7168,萬能,安慰奖,002/90,PROPERTY AUCTION,Damacai 大馬彩
1990-01-04,Thu,7168,萬能,安慰奖,002/90,Sickle / 镰刀,Sports Toto 多多
1989-09-25,Mon,7168,萬能,安慰奖,115/89,Lady Diana / 戴安娜王妃,Magnum 4D 萬能
1989-09-25,Mon,7168,萬能,安慰奖,115/89,PROPERTY AUCTION,Damacai 大馬彩
1989-09-25,Mon,7168,萬能,安慰奖,115/89,Sickle / 镰刀,Sports Toto 多多
1988-08-21,Sun,7168,星池,首奖,D19880821,Lady Diana / 戴安娜王妃,Magnum 4D 萬能
1988-08-21,Sun,7168,星池,首奖,D19880821,PROPERTY AUCTION,Damacai 大馬彩
1988-08-21,Sun,7168,星池,首奖,D19880821,Sickle / 镰刀,Sports Toto 多多
1987-12-13,Sun,7168,星池,特别奖,D19871213,Lady Diana / 戴安娜王妃,Magnum 4D 萬能
1987-12-13,Sun,7168,星池,特别奖,D19871213,PROPERTY AUCTION,Damacai 大馬彩
1987-12-13,Sun,7168,星池,特别奖,D19871213,Sickle / 镰刀,Sports Toto 多多
