开彩日期,彩号,秦庄,英庄,奖,秦典,英典
2022-07-17,4543,多多博彩,magnum,特别奖,杏,Apricot
2020-11-15,4543,多多博彩,magnum,三奖,杏,Apricot
2020-07-15,4543,萬能,toto,安慰奖,梦到被鬼追,Dreamed Of Being Chased By Ghost
2019-04-07,4543,萬能,toto,安慰奖,梦到被鬼追,Dreamed Of Being Chased By Ghost
2019-03-09,4543,萬能,toto,安慰奖,梦到被鬼追,Dreamed Of Being Chased By Ghost
2019-03-02,4543,大馬彩,damacai,特别奖,扑克脸,Poker Face
2018-04-01,4543,,sg4d,安慰奖,,
2018-01-10,4543,萬能,toto,特别奖,梦到被鬼追,Dreamed Of Being Chased By Ghost
2013-08-31,4543,多多博彩,magnum,特别奖,杏,Apricot
2012-12-02,4543,多多博彩,magnum,特别奖,杏,Apricot
2011-03-19,4543,大馬彩,damacai,安慰奖,扑克脸,Poker Face
2011-02-09,4543,大馬彩,damacai,特别奖,扑克脸,Poker Face
2011-01-22,4543,大馬彩,damacai,特别奖,扑克脸,Poker Face
2010-11-03,4543,,sg4d,安慰奖,,
2008-03-12,4543,多多博彩,magnum,安慰奖,杏,Apricot
2007-10-03,4543,大馬彩,damacai,安慰奖,扑克脸,Poker Face
2006-11-22,4543,大馬彩,damacai,安慰奖,扑克脸,Poker Face
2006-01-17,4543,多多博彩,magnum,特别奖,杏,Apricot
2005-12-21,4543,大馬彩,damacai,安慰奖,扑克脸,Poker Face
2002-03-30,4543,多多博彩,magnum,特别奖,杏,Apricot
2002-03-17,4543,萬能,toto,特别奖,梦到被鬼追,Dreamed Of Being Chased By Ghost
2001-06-23,4543,萬能,toto,安慰奖,梦到被鬼追,Dreamed Of Being Chased By Ghost
2001-03-31,4543,萬能,toto,三奖,梦到被鬼追,Dreamed Of Being Chased By Ghost
2000-10-11,4543,大馬彩,damacai,特别奖,扑克脸,Poker Face
1999-07-21,4543,萬能,toto,安慰奖,梦到被鬼追,Dreamed Of Being Chased By Ghost
1999-06-26,4543,萬能,toto,特别奖,梦到被鬼追,Dreamed Of Being Chased By Ghost
1998-10-28,4543,多多博彩,magnum,安慰奖,杏,Apricot
1998-03-04,4543,萬能,toto,安慰奖,梦到被鬼追,Dreamed Of Being Chased By Ghost
1997-10-04,4543,多多博彩,magnum,安慰奖,杏,Apricot
1997-08-27,4543,多多博彩,magnum,安慰奖,杏,Apricot
1996-05-11,4543,大馬彩,damacai,特别奖,扑克脸,Poker Face
1995-07-23,4543,大馬彩,damacai,特别奖,扑克脸,Poker Face
1993-01-30,4543,大馬彩,damacai,二奖,扑克脸,Poker Face
1992-11-18,4543,大馬彩,damacai,安慰奖,扑克脸,Poker Face
1992-08-20,4543,多多博彩,magnum,三奖,杏,Apricot
1992-07-29,4543,萬能,toto,安慰奖,梦到被鬼追,Dreamed Of Being Chased By Ghost
1991-11-16,4543,多多博彩,magnum,特别奖,杏,Apricot
1991-08-17,4543,多多博彩,magnum,首奖,杏,Apricot
